0.00000000e+00   0.00000000e+00
1.00000000e-02   1.20690370e-03
2.00000000e-02   2.41370711e-03
3.00000000e-02   3.62030994e-03
4.00000000e-02   4.82661195e-03
5.00000000e-02   6.03251291e-03
6.00000000e-02   7.23791268e-03
7.00000000e-02   8.44271117e-03
8.00000000e-02   9.64680838e-03
9.00000000e-02   1.08501044e-02
1.00000000e-01   1.20524994e-02
1.10000000e-01   1.32538938e-02
1.20000000e-01   1.44541880e-02
1.30000000e-01   1.56532826e-02
1.40000000e-01   1.68510784e-02
1.50000000e-01   1.80474764e-02
1.60000000e-01   1.92423778e-02
1.70000000e-01   2.04356839e-02
1.80000000e-01   2.16272962e-02
1.90000000e-01   2.28171167e-02
2.00000000e-01   2.40050474e-02
2.10000000e-01   2.51909905e-02
2.20000000e-01   2.63748488e-02
2.30000000e-01   2.75565251e-02
2.40000000e-01   2.87359226e-02
2.50000000e-01   2.99129448e-02
2.60000000e-01   3.10874955e-02
2.70000000e-01   3.22594789e-02
2.80000000e-01   3.34287996e-02
2.90000000e-01   3.45953624e-02
3.00000000e-01   3.57590726e-02
3.10000000e-01   3.69198358e-02
3.20000000e-01   3.80775582e-02
3.30000000e-01   3.92321462e-02
3.40000000e-01   4.03835067e-02
3.50000000e-01   4.15315471e-02
3.60000000e-01   4.26761752e-02
3.70000000e-01   4.38172993e-02
3.80000000e-01   4.49548282e-02
3.90000000e-01   4.60886710e-02
4.00000000e-01   4.72187376e-02
4.10000000e-01   4.83449382e-02
4.20000000e-01   4.94671836e-02
4.30000000e-01   5.05853852e-02
4.40000000e-01   5.16994548e-02
4.50000000e-01   5.28093050e-02
4.60000000e-01   5.39148486e-02
4.70000000e-01   5.50159994e-02
4.80000000e-01   5.61126715e-02
4.90000000e-01   5.72047798e-02
5.00000000e-01   5.82922397e-02
5.10000000e-01   5.93749672e-02
5.20000000e-01   6.04528790e-02
5.30000000e-01   6.15258926e-02
5.40000000e-01   6.25939259e-02
5.50000000e-01   6.36568975e-02
5.60000000e-01   6.47147270e-02
5.70000000e-01   6.57673343e-02
5.80000000e-01   6.68146401e-02
5.90000000e-01   6.78565661e-02
6.00000000e-01   6.88930343e-02
6.10000000e-01   6.99239677e-02
6.20000000e-01   7.09492899e-02
6.30000000e-01   7.19689254e-02
6.40000000e-01   7.29827994e-02
6.50000000e-01   7.39908378e-02
6.60000000e-01   7.49929673e-02
6.70000000e-01   7.59891154e-02
6.80000000e-01   7.69792104e-02
6.90000000e-01   7.79631815e-02
7.00000000e-01   7.89409586e-02
7.10000000e-01   7.99124723e-02
7.20000000e-01   8.08776543e-02
7.30000000e-01   8.18364370e-02
7.40000000e-01   8.27887535e-02
7.50000000e-01   8.37345381e-02
7.60000000e-01   8.46737256e-02
7.70000000e-01   8.56062518e-02
7.80000000e-01   8.65320535e-02
7.90000000e-01   8.74510682e-02
8.00000000e-01   8.83632344e-02
8.10000000e-01   8.92684914e-02
8.20000000e-01   9.01667795e-02
8.30000000e-01   9.10580397e-02
8.40000000e-01   9.19422143e-02
8.50000000e-01   9.28192461e-02
8.60000000e-01   9.36890791e-02
8.70000000e-01   9.45516580e-02
8.80000000e-01   9.54069287e-02
8.90000000e-01   9.62548379e-02
9.00000000e-01   9.70953332e-02
9.10000000e-01   9.79283631e-02
9.20000000e-01   9.87538774e-02
9.30000000e-01   9.95718264e-02
9.40000000e-01   1.00382162e-01
9.50000000e-01   1.01184836e-01
9.60000000e-01   1.01979802e-01
9.70000000e-01   1.02767014e-01
9.80000000e-01   1.03546428e-01
9.90000000e-01   1.04318001e-01
1.00000000e+00   1.05081689e-01
1.01000000e+00   1.05837451e-01
1.02000000e+00   1.06585246e-01
1.03000000e+00   1.07325035e-01
1.04000000e+00   1.08056778e-01
1.05000000e+00   1.08780439e-01
1.06000000e+00   1.09495980e-01
1.07000000e+00   1.10203365e-01
1.08000000e+00   1.10902561e-01
1.09000000e+00   1.11593533e-01
1.10000000e+00   1.12276249e-01
1.11000000e+00   1.12950677e-01
1.12000000e+00   1.13616787e-01
1.13000000e+00   1.14274548e-01
1.14000000e+00   1.14923933e-01
1.15000000e+00   1.15564913e-01
1.16000000e+00   1.16197463e-01
1.17000000e+00   1.16821556e-01
1.18000000e+00   1.17437168e-01
1.19000000e+00   1.18044275e-01
1.20000000e+00   1.18642856e-01
1.21000000e+00   1.19232888e-01
1.22000000e+00   1.19814351e-01
1.23000000e+00   1.20387225e-01
1.24000000e+00   1.20951493e-01
1.25000000e+00   1.21507137e-01
1.26000000e+00   1.22054140e-01
1.27000000e+00   1.22592487e-01
1.28000000e+00   1.23122164e-01
1.29000000e+00   1.23643157e-01
1.30000000e+00   1.24155453e-01
1.31000000e+00   1.24659042e-01
1.32000000e+00   1.25153914e-01
1.33000000e+00   1.25640058e-01
1.34000000e+00   1.26117466e-01
1.35000000e+00   1.26586132e-01
1.36000000e+00   1.27046049e-01
1.37000000e+00   1.27497210e-01
1.38000000e+00   1.27939613e-01
1.39000000e+00   1.28373253e-01
1.40000000e+00   1.28798129e-01
1.41000000e+00   1.29214238e-01
1.42000000e+00   1.29621581e-01
1.43000000e+00   1.30020157e-01
1.44000000e+00   1.30409968e-01
1.45000000e+00   1.30791018e-01
1.46000000e+00   1.31163308e-01
1.47000000e+00   1.31526844e-01
1.48000000e+00   1.31881630e-01
1.49000000e+00   1.32227674e-01
1.50000000e+00   1.32564982e-01
1.51000000e+00   1.32893562e-01
1.52000000e+00   1.33213423e-01
1.53000000e+00   1.33524576e-01
1.54000000e+00   1.33827031e-01
1.55000000e+00   1.34120801e-01
1.56000000e+00   1.34405897e-01
1.57000000e+00   1.34682334e-01
1.58000000e+00   1.34950125e-01
1.59000000e+00   1.35209287e-01
1.60000000e+00   1.35459836e-01
1.61000000e+00   1.35701789e-01
1.62000000e+00   1.35935164e-01
1.63000000e+00   1.36159980e-01
1.64000000e+00   1.36376257e-01
1.65000000e+00   1.36584015e-01
1.66000000e+00   1.36783276e-01
1.67000000e+00   1.36974062e-01
1.68000000e+00   1.37156397e-01
1.69000000e+00   1.37330304e-01
1.70000000e+00   1.37495809e-01
1.71000000e+00   1.37652936e-01
1.72000000e+00   1.37801713e-01
1.73000000e+00   1.37942167e-01
1.74000000e+00   1.38074325e-01
1.75000000e+00   1.38198217e-01
1.76000000e+00   1.38313871e-01
1.77000000e+00   1.38421319e-01
1.78000000e+00   1.38520592e-01
1.79000000e+00   1.38611721e-01
1.80000000e+00   1.38694739e-01
1.81000000e+00   1.38769679e-01
1.82000000e+00   1.38836576e-01
1.83000000e+00   1.38895464e-01
1.84000000e+00   1.38946379e-01
1.85000000e+00   1.38989357e-01
1.86000000e+00   1.39024435e-01
1.87000000e+00   1.39051650e-01
1.88000000e+00   1.39071040e-01
1.89000000e+00   1.39082646e-01
1.90000000e+00   1.39086505e-01
1.91000000e+00   1.39082659e-01
1.92000000e+00   1.39071149e-01
1.93000000e+00   1.39052015e-01
1.94000000e+00   1.39025300e-01
1.95000000e+00   1.38991046e-01
1.96000000e+00   1.38949298e-01
1.97000000e+00   1.38900099e-01
1.98000000e+00   1.38843493e-01
1.99000000e+00   1.38779526e-01
2.00000000e+00   1.38708243e-01
2.01000000e+00   1.38629690e-01
2.02000000e+00   1.38543915e-01
2.03000000e+00   1.38450964e-01
2.04000000e+00   1.38350886e-01
2.05000000e+00   1.38243728e-01
2.06000000e+00   1.38129540e-01
2.07000000e+00   1.38008371e-01
2.08000000e+00   1.37880271e-01
2.09000000e+00   1.37745291e-01
2.10000000e+00   1.37603480e-01
2.11000000e+00   1.37454890e-01
2.12000000e+00   1.37299574e-01
2.13000000e+00   1.37137582e-01
2.14000000e+00   1.36968969e-01
2.15000000e+00   1.36793786e-01
2.16000000e+00   1.36612087e-01
2.17000000e+00   1.36423927e-01
2.18000000e+00   1.36229358e-01
2.19000000e+00   1.36028437e-01
2.20000000e+00   1.35821217e-01
2.21000000e+00   1.35607755e-01
2.22000000e+00   1.35388106e-01
2.23000000e+00   1.35162325e-01
2.24000000e+00   1.34930470e-01
2.25000000e+00   1.34692597e-01
2.26000000e+00   1.34448763e-01
2.27000000e+00   1.34199026e-01
2.28000000e+00   1.33943442e-01
2.29000000e+00   1.33682070e-01
2.30000000e+00   1.33414969e-01
2.31000000e+00   1.33142195e-01
2.32000000e+00   1.32863809e-01
2.33000000e+00   1.32579870e-01
2.34000000e+00   1.32290435e-01
2.35000000e+00   1.31995565e-01
2.36000000e+00   1.31695320e-01
2.37000000e+00   1.31389758e-01
2.38000000e+00   1.31078941e-01
2.39000000e+00   1.30762928e-01
2.40000000e+00   1.30441780e-01
2.41000000e+00   1.30115557e-01
2.42000000e+00   1.29784320e-01
2.43000000e+00   1.29448131e-01
2.44000000e+00   1.29107049e-01
2.45000000e+00   1.28761136e-01
2.46000000e+00   1.28410453e-01
2.47000000e+00   1.28055062e-01
2.48000000e+00   1.27695024e-01
2.49000000e+00   1.27330401e-01
2.50000000e+00   1.26961254e-01
2.51000000e+00   1.26587646e-01
2.52000000e+00   1.26209637e-01
2.53000000e+00   1.25827290e-01
2.54000000e+00   1.25440666e-01
2.55000000e+00   1.25049828e-01
2.56000000e+00   1.24654838e-01
2.57000000e+00   1.24255757e-01
2.58000000e+00   1.23852648e-01
2.59000000e+00   1.23445572e-01
2.60000000e+00   1.23034592e-01
2.61000000e+00   1.22619769e-01
2.62000000e+00   1.22201166e-01
2.63000000e+00   1.21778844e-01
2.64000000e+00   1.21352866e-01
2.65000000e+00   1.20923293e-01
2.66000000e+00   1.20490187e-01
2.67000000e+00   1.20053610e-01
2.68000000e+00   1.19613624e-01
2.69000000e+00   1.19170289e-01
2.70000000e+00   1.18723668e-01
2.71000000e+00   1.18273822e-01
2.72000000e+00   1.17820813e-01
2.73000000e+00   1.17364700e-01
2.74000000e+00   1.16905547e-01
2.75000000e+00   1.16443413e-01
2.76000000e+00   1.15978360e-01
2.77000000e+00   1.15510448e-01
2.78000000e+00   1.15039737e-01
2.79000000e+00   1.14566289e-01
2.80000000e+00   1.14090162e-01
2.81000000e+00   1.13611419e-01
2.82000000e+00   1.13130117e-01
2.83000000e+00   1.12646318e-01
2.84000000e+00   1.12160079e-01
2.85000000e+00   1.11671462e-01
2.86000000e+00   1.11180525e-01
2.87000000e+00   1.10687326e-01
2.88000000e+00   1.10191926e-01
2.89000000e+00   1.09694381e-01
2.90000000e+00   1.09194750e-01
2.91000000e+00   1.08693092e-01
2.92000000e+00   1.08189463e-01
2.93000000e+00   1.07683923e-01
2.94000000e+00   1.07176527e-01
2.95000000e+00   1.06667333e-01
2.96000000e+00   1.06156398e-01
2.97000000e+00   1.05643777e-01
2.98000000e+00   1.05129529e-01
2.99000000e+00   1.04613707e-01
3.00000000e+00   1.04096368e-01
3.01000000e+00   1.03577567e-01
3.02000000e+00   1.03057360e-01
3.03000000e+00   1.02535801e-01
3.04000000e+00   1.02012944e-01
3.05000000e+00   1.01488844e-01
3.06000000e+00   1.00963554e-01
3.07000000e+00   1.00437128e-01
3.08000000e+00   9.99096196e-02
3.09000000e+00   9.93810807e-02
3.10000000e+00   9.88515643e-02
3.11000000e+00   9.83211224e-02
3.12000000e+00   9.77898069e-02
3.13000000e+00   9.72576692e-02
3.14000000e+00   9.67247606e-02
3.15000000e+00   9.61911317e-02
3.16000000e+00   9.56568329e-02
3.17000000e+00   9.51219143e-02
3.18000000e+00   9.45864255e-02
3.19000000e+00   9.40504158e-02
3.20000000e+00   9.35139343e-02
3.21000000e+00   9.29770293e-02
3.22000000e+00   9.24397491e-02
3.23000000e+00   9.19021414e-02
3.24000000e+00   9.13642537e-02
3.25000000e+00   9.08261329e-02
3.26000000e+00   9.02878256e-02
3.27000000e+00   8.97493781e-02
3.28000000e+00   8.92108361e-02
3.29000000e+00   8.86722451e-02
3.30000000e+00   8.81336500e-02
3.31000000e+00   8.75950955e-02
3.32000000e+00   8.70566257e-02
3.33000000e+00   8.65182844e-02
3.34000000e+00   8.59801149e-02
3.35000000e+00   8.54421602e-02
3.36000000e+00   8.49044628e-02
3.37000000e+00   8.43670648e-02
3.38000000e+00   8.38300079e-02
3.39000000e+00   8.32933333e-02
3.40000000e+00   8.27570818e-02
3.41000000e+00   8.22212939e-02
3.42000000e+00   8.16860095e-02
3.43000000e+00   8.11512681e-02
3.44000000e+00   8.06171088e-02
3.45000000e+00   8.00835703e-02
3.46000000e+00   7.95506908e-02
3.47000000e+00   7.90185082e-02
3.48000000e+00   7.84870597e-02
3.49000000e+00   7.79563824e-02
3.50000000e+00   7.74265126e-02
3.51000000e+00   7.68974864e-02
3.52000000e+00   7.63693394e-02
3.53000000e+00   7.58421068e-02
3.54000000e+00   7.53158233e-02
3.55000000e+00   7.47905232e-02
3.56000000e+00   7.42662403e-02
3.57000000e+00   7.37430079e-02
3.58000000e+00   7.32208590e-02
3.59000000e+00   7.26998262e-02
3.60000000e+00   7.21799415e-02
3.61000000e+00   7.16612364e-02
3.62000000e+00   7.11437422e-02
3.63000000e+00   7.06274896e-02
3.64000000e+00   7.01125089e-02
3.65000000e+00   6.95988298e-02
3.66000000e+00   6.90864819e-02
3.67000000e+00   6.85754940e-02
3.68000000e+00   6.80658947e-02
3.69000000e+00   6.75577120e-02
3.70000000e+00   6.70509735e-02
3.71000000e+00   6.65457066e-02
3.72000000e+00   6.60419378e-02
3.73000000e+00   6.55396935e-02
3.74000000e+00   6.50389996e-02
3.75000000e+00   6.45398816e-02
3.76000000e+00   6.40423643e-02
3.77000000e+00   6.35464725e-02
3.78000000e+00   6.30522301e-02
3.79000000e+00   6.25596610e-02
3.80000000e+00   6.20687884e-02
3.81000000e+00   6.15796351e-02
3.82000000e+00   6.10922235e-02
3.83000000e+00   6.06065756e-02
3.84000000e+00   6.01227130e-02
3.85000000e+00   5.96406568e-02
3.86000000e+00   5.91604277e-02
3.87000000e+00   5.86820460e-02
3.88000000e+00   5.82055316e-02
3.89000000e+00   5.77309038e-02
3.90000000e+00   5.72581819e-02
3.91000000e+00   5.67873843e-02
3.92000000e+00   5.63185293e-02
3.93000000e+00   5.58516347e-02
3.94000000e+00   5.53867178e-02
3.95000000e+00   5.49237957e-02
3.96000000e+00   5.44628849e-02
3.97000000e+00   5.40040017e-02
3.98000000e+00   5.35471618e-02
3.99000000e+00   5.30923805e-02
4.00000000e+00   5.26396729e-02
4.01000000e+00   5.21890535e-02
4.02000000e+00   5.17405366e-02
4.03000000e+00   5.12941359e-02
4.04000000e+00   5.08498650e-02
4.05000000e+00   5.04077367e-02
4.06000000e+00   4.99677639e-02
4.07000000e+00   4.95299587e-02
4.08000000e+00   4.90943332e-02
4.09000000e+00   4.86608987e-02
4.10000000e+00   4.82296665e-02
4.11000000e+00   4.78006474e-02
4.12000000e+00   4.73738518e-02
4.13000000e+00   4.69492897e-02
4.14000000e+00   4.65269709e-02
4.15000000e+00   4.61069047e-02
4.16000000e+00   4.56891001e-02
4.17000000e+00   4.52735658e-02
4.18000000e+00   4.48603100e-02
4.19000000e+00   4.44493407e-02
4.20000000e+00   4.40406655e-02
4.21000000e+00   4.36342916e-02
4.22000000e+00   4.32302259e-02
4.23000000e+00   4.28284752e-02
4.24000000e+00   4.24290455e-02
4.25000000e+00   4.20319429e-02
4.26000000e+00   4.16371729e-02
4.27000000e+00   4.12447409e-02
4.28000000e+00   4.08546517e-02
4.29000000e+00   4.04669101e-02
4.30000000e+00   4.00815203e-02
4.31000000e+00   3.96984864e-02
4.32000000e+00   3.93178121e-02
4.33000000e+00   3.89395008e-02
4.34000000e+00   3.85635557e-02
4.35000000e+00   3.81899794e-02
4.36000000e+00   3.78187747e-02
4.37000000e+00   3.74499435e-02
4.38000000e+00   3.70834880e-02
4.39000000e+00   3.67194098e-02
4.40000000e+00   3.63577102e-02
4.41000000e+00   3.59983903e-02
4.42000000e+00   3.56414510e-02
4.43000000e+00   3.52868927e-02
4.44000000e+00   3.49347158e-02
4.45000000e+00   3.45849203e-02
4.46000000e+00   3.42375059e-02
4.47000000e+00   3.38924721e-02
4.48000000e+00   3.35498182e-02
4.49000000e+00   3.32095431e-02
4.50000000e+00   3.28716456e-02
4.51000000e+00   3.25361240e-02
4.52000000e+00   3.22029768e-02
4.53000000e+00   3.18722019e-02
4.54000000e+00   3.15437970e-02
4.55000000e+00   3.12177597e-02
4.56000000e+00   3.08940873e-02
4.57000000e+00   3.05727769e-02
4.58000000e+00   3.02538253e-02
4.59000000e+00   2.99372291e-02
4.60000000e+00   2.96229848e-02
4.61000000e+00   2.93110886e-02
4.62000000e+00   2.90015365e-02
4.63000000e+00   2.86943242e-02
4.64000000e+00   2.83894473e-02
4.65000000e+00   2.80869012e-02
4.66000000e+00   2.77866811e-02
4.67000000e+00   2.74887821e-02
4.68000000e+00   2.71931987e-02
4.69000000e+00   2.68999258e-02
4.70000000e+00   2.66089577e-02
4.71000000e+00   2.63202887e-02
4.72000000e+00   2.60339127e-02
4.73000000e+00   2.57498238e-02
4.74000000e+00   2.54680156e-02
4.75000000e+00   2.51884816e-02
4.76000000e+00   2.49112153e-02
4.77000000e+00   2.46362099e-02
4.78000000e+00   2.43634584e-02
4.79000000e+00   2.40929537e-02
4.80000000e+00   2.38246886e-02
4.81000000e+00   2.35586556e-02
4.82000000e+00   2.32948472e-02
4.83000000e+00   2.30332558e-02
4.84000000e+00   2.27738735e-02
4.85000000e+00   2.25166922e-02
4.86000000e+00   2.22617039e-02
4.87000000e+00   2.20089004e-02
4.88000000e+00   2.17582732e-02
4.89000000e+00   2.15098138e-02
4.90000000e+00   2.12635137e-02
4.91000000e+00   2.10193641e-02
4.92000000e+00   2.07773561e-02
4.93000000e+00   2.05374807e-02
4.94000000e+00   2.02997288e-02
4.95000000e+00   2.00640912e-02
4.96000000e+00   1.98305586e-02
4.97000000e+00   1.95991216e-02
4.98000000e+00   1.93697706e-02
4.99000000e+00   1.91424961e-02
5.00000000e+00   1.89172883e-02
5.01000000e+00   1.86941374e-02
5.02000000e+00   1.84730334e-02
5.03000000e+00   1.82539665e-02
5.04000000e+00   1.80369265e-02
5.05000000e+00   1.78219033e-02
5.06000000e+00   1.76088865e-02
5.07000000e+00   1.73978660e-02
5.08000000e+00   1.71888312e-02
5.09000000e+00   1.69817718e-02
5.10000000e+00   1.67766772e-02
5.11000000e+00   1.65735367e-02
5.12000000e+00   1.63723397e-02
5.13000000e+00   1.61730755e-02
5.14000000e+00   1.59757332e-02
5.15000000e+00   1.57803020e-02
5.16000000e+00   1.55867710e-02
5.17000000e+00   1.53951291e-02
5.18000000e+00   1.52053655e-02
5.19000000e+00   1.50174689e-02
5.20000000e+00   1.48314283e-02
5.21000000e+00   1.46472325e-02
5.22000000e+00   1.44648703e-02
5.23000000e+00   1.42843305e-02
5.24000000e+00   1.41056017e-02
5.25000000e+00   1.39286726e-02
5.26000000e+00   1.37535319e-02
5.27000000e+00   1.35801682e-02
5.28000000e+00   1.34085700e-02
5.29000000e+00   1.32387259e-02
5.30000000e+00   1.30706244e-02
5.31000000e+00   1.29042539e-02
5.32000000e+00   1.27396031e-02
5.33000000e+00   1.25766603e-02
5.34000000e+00   1.24154139e-02
5.35000000e+00   1.22558525e-02
5.36000000e+00   1.20979642e-02
5.37000000e+00   1.19417377e-02
5.38000000e+00   1.17871611e-02
5.39000000e+00   1.16342230e-02
5.40000000e+00   1.14829116e-02
5.41000000e+00   1.13332153e-02
5.42000000e+00   1.11851225e-02
5.43000000e+00   1.10386214e-02
5.44000000e+00   1.08937005e-02
5.45000000e+00   1.07503481e-02
5.46000000e+00   1.06085525e-02
5.47000000e+00   1.04683020e-02
5.48000000e+00   1.03295851e-02
5.49000000e+00   1.01923900e-02
5.50000000e+00   1.00567052e-02
5.51000000e+00   9.92251896e-03
5.52000000e+00   9.78981976e-03
5.53000000e+00   9.65859596e-03
5.54000000e+00   9.52883597e-03
5.55000000e+00   9.40052823e-03
5.56000000e+00   9.27366119e-03
5.57000000e+00   9.14822329e-03
5.58000000e+00   9.02420304e-03
5.59000000e+00   8.90158892e-03
5.60000000e+00   8.78036946e-03
5.61000000e+00   8.66053321e-03
5.62000000e+00   8.54206874e-03
5.63000000e+00   8.42496465e-03
5.64000000e+00   8.30920957e-03
5.65000000e+00   8.19479213e-03
5.66000000e+00   8.08170103e-03
5.67000000e+00   7.96992497e-03
5.68000000e+00   7.85945269e-03
5.69000000e+00   7.75027297e-03
5.70000000e+00   7.64237461e-03
5.71000000e+00   7.53574646e-03
5.72000000e+00   7.43037739e-03
5.73000000e+00   7.32625630e-03
5.74000000e+00   7.22337216e-03
5.75000000e+00   7.12171395e-03
5.76000000e+00   7.02127069e-03
5.77000000e+00   6.92203144e-03
5.78000000e+00   6.82398533e-03
5.79000000e+00   6.72712148e-03
5.80000000e+00   6.63142911e-03
5.81000000e+00   6.53689743e-03
5.82000000e+00   6.44351572e-03
5.83000000e+00   6.35127332e-03
5.84000000e+00   6.26015958e-03
5.85000000e+00   6.17016393e-03
5.86000000e+00   6.08127581e-03
5.87000000e+00   5.99348475e-03
5.88000000e+00   5.90678030e-03
5.89000000e+00   5.82115206e-03
5.90000000e+00   5.73658970e-03
5.91000000e+00   5.65308291e-03
5.92000000e+00   5.57062146e-03
5.93000000e+00   5.48919515e-03
5.94000000e+00   5.40879385e-03
5.95000000e+00   5.32940746e-03
5.96000000e+00   5.25102596e-03
5.97000000e+00   5.17363936e-03
5.98000000e+00   5.09723773e-03
5.99000000e+00   5.02181122e-03
6.00000000e+00   4.94734999e-03
6.01000000e+00   4.87384429e-03
6.02000000e+00   4.80128442e-03
6.03000000e+00   4.72966072e-03
6.04000000e+00   4.65896360e-03
6.05000000e+00   4.58918353e-03
6.06000000e+00   4.52031102e-03
6.07000000e+00   4.45233667e-03
6.08000000e+00   4.38525111e-03
6.09000000e+00   4.31904503e-03
6.10000000e+00   4.25370919e-03
6.11000000e+00   4.18923440e-03
6.12000000e+00   4.12561155e-03
6.13000000e+00   4.06283155e-03
6.14000000e+00   4.00088541e-03
6.15000000e+00   3.93976418e-03
6.16000000e+00   3.87945897e-03
6.17000000e+00   3.81996095e-03
6.18000000e+00   3.76126137e-03
6.19000000e+00   3.70335151e-03
6.20000000e+00   3.64622273e-03
6.21000000e+00   3.58986645e-03
6.22000000e+00   3.53427415e-03
6.23000000e+00   3.47943736e-03
6.24000000e+00   3.42534770e-03
6.25000000e+00   3.37199682e-03
6.26000000e+00   3.31937645e-03
6.27000000e+00   3.26747837e-03
6.28000000e+00   3.21629444e-03
6.29000000e+00   3.16581656e-03
6.30000000e+00   3.11603671e-03
6.31000000e+00   3.06694692e-03
6.32000000e+00   3.01853929e-03
6.33000000e+00   2.97080598e-03
6.34000000e+00   2.92373920e-03
6.35000000e+00   2.87733124e-03
6.36000000e+00   2.83157444e-03
6.37000000e+00   2.78646122e-03
6.38000000e+00   2.74198404e-03
6.39000000e+00   2.69813542e-03
6.40000000e+00   2.65490797e-03
6.41000000e+00   2.61229433e-03
6.42000000e+00   2.57028722e-03
6.43000000e+00   2.52887942e-03
6.44000000e+00   2.48806377e-03
6.45000000e+00   2.44783316e-03
6.46000000e+00   2.40818057e-03
6.47000000e+00   2.36909900e-03
6.48000000e+00   2.33058155e-03
6.49000000e+00   2.29262136e-03
6.50000000e+00   2.25521163e-03
6.51000000e+00   2.21834563e-03
6.52000000e+00   2.18201668e-03
6.53000000e+00   2.14621818e-03
6.54000000e+00   2.11094357e-03
6.55000000e+00   2.07618636e-03
6.56000000e+00   2.04194010e-03
6.57000000e+00   2.00819844e-03
6.58000000e+00   1.97495505e-03
6.59000000e+00   1.94220367e-03
6.60000000e+00   1.90993812e-03
6.61000000e+00   1.87815226e-03
6.62000000e+00   1.84683999e-03
6.63000000e+00   1.81599532e-03
6.64000000e+00   1.78561226e-03
6.65000000e+00   1.75568492e-03
6.66000000e+00   1.72620745e-03
6.67000000e+00   1.69717405e-03
6.68000000e+00   1.66857901e-03
6.69000000e+00   1.64041663e-03
6.70000000e+00   1.61268130e-03
6.71000000e+00   1.58536746e-03
6.72000000e+00   1.55846959e-03
6.73000000e+00   1.53198226e-03
6.74000000e+00   1.50590005e-03
6.75000000e+00   1.48021764e-03
6.76000000e+00   1.45492973e-03
6.77000000e+00   1.43003110e-03
6.78000000e+00   1.40551656e-03
6.79000000e+00   1.38138099e-03
6.80000000e+00   1.35761933e-03
6.81000000e+00   1.33422656e-03
6.82000000e+00   1.31119771e-03
6.83000000e+00   1.28852788e-03
6.84000000e+00   1.26621220e-03
6.85000000e+00   1.24424588e-03
6.86000000e+00   1.22262416e-03
6.87000000e+00   1.20134233e-03
6.88000000e+00   1.18039575e-03
6.89000000e+00   1.15977982e-03
6.90000000e+00   1.13948998e-03
6.91000000e+00   1.11952175e-03
6.92000000e+00   1.09987066e-03
6.93000000e+00   1.08053232e-03
6.94000000e+00   1.06150238e-03
6.95000000e+00   1.04277653e-03
6.96000000e+00   1.02435053e-03
6.97000000e+00   1.00622017e-03
6.98000000e+00   9.88381295e-04
6.99000000e+00   9.70829789e-04
7.00000000e+00   9.53561594e-04
7.01000000e+00   9.36572692e-04
7.02000000e+00   9.19859117e-04
7.03000000e+00   9.03416943e-04
7.04000000e+00   8.87242295e-04
7.05000000e+00   8.71331341e-04
7.06000000e+00   8.55680293e-04
7.07000000e+00   8.40285411e-04
7.08000000e+00   8.25142995e-04
7.09000000e+00   8.10249393e-04
7.10000000e+00   7.95600994e-04
7.11000000e+00   7.81194232e-04
7.12000000e+00   7.67025584e-04
7.13000000e+00   7.53091567e-04
7.14000000e+00   7.39388743e-04
7.15000000e+00   7.25913716e-04
7.16000000e+00   7.12663129e-04
7.17000000e+00   6.99633668e-04
7.18000000e+00   6.86822060e-04
7.19000000e+00   6.74225072e-04
7.20000000e+00   6.61839511e-04
7.21000000e+00   6.49662224e-04
7.22000000e+00   6.37690098e-04
7.23000000e+00   6.25920057e-04
7.24000000e+00   6.14349065e-04
7.25000000e+00   6.02974126e-04
7.26000000e+00   5.91792280e-04
7.27000000e+00   5.80800604e-04
7.28000000e+00   5.69996214e-04
7.29000000e+00   5.59376264e-04
7.30000000e+00   5.48937940e-04
7.31000000e+00   5.38678470e-04
7.32000000e+00   5.28595114e-04
7.33000000e+00   5.18685169e-04
7.34000000e+00   5.08945967e-04
7.35000000e+00   4.99374875e-04
7.36000000e+00   4.89969294e-04
7.37000000e+00   4.80726660e-04
7.38000000e+00   4.71644444e-04
7.39000000e+00   4.62720147e-04
7.40000000e+00   4.53951306e-04
7.41000000e+00   4.45335492e-04
7.42000000e+00   4.36870304e-04
7.43000000e+00   4.28553377e-04
7.44000000e+00   4.20382378e-04
7.45000000e+00   4.12355002e-04
7.46000000e+00   4.04468980e-04
7.47000000e+00   3.96722071e-04
7.48000000e+00   3.89112064e-04
7.49000000e+00   3.81636779e-04
7.50000000e+00   3.74294068e-04
7.51000000e+00   3.67081810e-04
7.52000000e+00   3.59997914e-04
7.53000000e+00   3.53040318e-04
7.54000000e+00   3.46206988e-04
7.55000000e+00   3.39495921e-04
7.56000000e+00   3.32905139e-04
7.57000000e+00   3.26432693e-04
7.58000000e+00   3.20076661e-04
7.59000000e+00   3.13835149e-04
7.60000000e+00   3.07706289e-04
7.61000000e+00   3.01688239e-04
7.62000000e+00   2.95779184e-04
7.63000000e+00   2.89977336e-04
7.64000000e+00   2.84280931e-04
7.65000000e+00   2.78688230e-04
7.66000000e+00   2.73197520e-04
7.67000000e+00   2.67807114e-04
7.68000000e+00   2.62515346e-04
7.69000000e+00   2.57320577e-04
7.70000000e+00   2.52221191e-04
7.71000000e+00   2.47215596e-04
7.72000000e+00   2.42302222e-04
7.73000000e+00   2.37479524e-04
7.74000000e+00   2.32745978e-04
7.75000000e+00   2.28100084e-04
7.76000000e+00   2.23540363e-04
7.77000000e+00   2.19065359e-04
7.78000000e+00   2.14673637e-04
7.79000000e+00   2.10363783e-04
7.80000000e+00   2.06134405e-04
7.81000000e+00   2.01984132e-04
7.82000000e+00   1.97911613e-04
7.83000000e+00   1.93915517e-04
7.84000000e+00   1.89994535e-04
7.85000000e+00   1.86147376e-04
7.86000000e+00   1.82372770e-04
7.87000000e+00   1.78669464e-04
7.88000000e+00   1.75036227e-04
7.89000000e+00   1.71471846e-04
7.90000000e+00   1.67975126e-04
7.91000000e+00   1.64544891e-04
7.92000000e+00   1.61179982e-04
7.93000000e+00   1.57879260e-04
7.94000000e+00   1.54641602e-04
7.95000000e+00   1.51465903e-04
7.96000000e+00   1.48351076e-04
7.97000000e+00   1.45296049e-04
7.98000000e+00   1.42299769e-04
7.99000000e+00   1.39361199e-04
8.00000000e+00   1.36479318e-04
8.01000000e+00   1.33653120e-04
8.02000000e+00   1.30881618e-04
8.03000000e+00   1.28163837e-04
8.04000000e+00   1.25498821e-04
8.05000000e+00   1.22885626e-04
8.06000000e+00   1.20323325e-04
8.07000000e+00   1.17811007e-04
8.08000000e+00   1.15347772e-04
8.09000000e+00   1.12932739e-04
8.10000000e+00   1.10565037e-04
8.11000000e+00   1.08243812e-04
8.12000000e+00   1.05968222e-04
8.13000000e+00   1.03737441e-04
8.14000000e+00   1.01550655e-04
8.15000000e+00   9.94070618e-05
8.16000000e+00   9.73058752e-05
8.17000000e+00   9.52463203e-05
8.18000000e+00   9.32276353e-05
8.19000000e+00   9.12490709e-05
8.20000000e+00   8.93098904e-05
8.21000000e+00   8.74093690e-05
8.22000000e+00   8.55467942e-05
8.23000000e+00   8.37214652e-05
8.24000000e+00   8.19326930e-05
8.25000000e+00   8.01798001e-05
8.26000000e+00   7.84621204e-05
8.27000000e+00   7.67789989e-05
8.28000000e+00   7.51297916e-05
8.29000000e+00   7.35138655e-05
8.30000000e+00   7.19305982e-05
8.31000000e+00   7.03793780e-05
8.32000000e+00   6.88596035e-05
8.33000000e+00   6.73706834e-05
8.34000000e+00   6.59120367e-05
8.35000000e+00   6.44830924e-05
8.36000000e+00   6.30832889e-05
8.37000000e+00   6.17120747e-05
8.38000000e+00   6.03689075e-05
8.39000000e+00   5.90532545e-05
8.40000000e+00   5.77645920e-05
8.41000000e+00   5.65024055e-05
8.42000000e+00   5.52661893e-05
8.43000000e+00   5.40554467e-05
8.44000000e+00   5.28696895e-05
8.45000000e+00   5.17084379e-05
8.46000000e+00   5.05712209e-05
8.47000000e+00   4.94575754e-05
8.48000000e+00   4.83670465e-05
8.49000000e+00   4.72991876e-05
8.50000000e+00   4.62535597e-05
8.51000000e+00   4.52297316e-05
8.52000000e+00   4.42272799e-05
8.53000000e+00   4.32457885e-05
8.54000000e+00   4.22848489e-05
8.55000000e+00   4.13440598e-05
8.56000000e+00   4.04230271e-05
8.57000000e+00   3.95213638e-05
8.58000000e+00   3.86386898e-05
8.59000000e+00   3.77746317e-05
8.60000000e+00   3.69288232e-05
8.61000000e+00   3.61009042e-05
8.62000000e+00   3.52905214e-05
8.63000000e+00   3.44973278e-05
8.64000000e+00   3.37209827e-05
8.65000000e+00   3.29611517e-05
8.66000000e+00   3.22175063e-05
8.67000000e+00   3.14897242e-05
8.68000000e+00   3.07774889e-05
8.69000000e+00   3.00804898e-05
8.70000000e+00   2.93984219e-05
8.71000000e+00   2.87309859e-05
8.72000000e+00   2.80778880e-05
8.73000000e+00   2.74388397e-05
8.74000000e+00   2.68135582e-05
8.75000000e+00   2.62017656e-05
8.76000000e+00   2.56031892e-05
8.77000000e+00   2.50175617e-05
8.78000000e+00   2.44446204e-05
8.79000000e+00   2.38841078e-05
8.80000000e+00   2.33357710e-05
8.81000000e+00   2.27993621e-05
8.82000000e+00   2.22746376e-05
8.83000000e+00   2.17613588e-05
8.84000000e+00   2.12592914e-05
8.85000000e+00   2.07682056e-05
8.86000000e+00   2.02878759e-05
8.87000000e+00   1.98180811e-05
8.88000000e+00   1.93586041e-05
8.89000000e+00   1.89092323e-05
8.90000000e+00   1.84697567e-05
8.91000000e+00   1.80399726e-05
8.92000000e+00   1.76196791e-05
8.93000000e+00   1.72086793e-05
8.94000000e+00   1.68067799e-05
8.95000000e+00   1.64137914e-05
8.96000000e+00   1.60295280e-05
8.97000000e+00   1.56538074e-05
8.98000000e+00   1.52864510e-05
8.99000000e+00   1.49272836e-05
9.00000000e+00   1.45761333e-05
9.01000000e+00   1.42328316e-05
9.02000000e+00   1.38972134e-05
9.03000000e+00   1.35691167e-05
9.04000000e+00   1.32483827e-05
9.05000000e+00   1.29348558e-05
9.06000000e+00   1.26283833e-05
9.07000000e+00   1.23288157e-05
9.08000000e+00   1.20360064e-05
9.09000000e+00   1.17498115e-05
9.10000000e+00   1.14700903e-05
9.11000000e+00   1.11967045e-05
9.12000000e+00   1.09295188e-05
9.13000000e+00   1.06684006e-05
9.14000000e+00   1.04132199e-05
9.15000000e+00   1.01638492e-05
9.16000000e+00   9.92016360e-06
9.17000000e+00   9.68204083e-06
9.18000000e+00   9.44936095e-06
9.19000000e+00   9.22200645e-06
9.20000000e+00   8.99986220e-06
9.21000000e+00   8.78281541e-06
9.22000000e+00   8.57075554e-06
9.23000000e+00   8.36357430e-06
9.24000000e+00   8.16116561e-06
9.25000000e+00   7.96342554e-06
9.26000000e+00   7.77025225e-06
9.27000000e+00   7.58154603e-06
9.28000000e+00   7.39720914e-06
9.29000000e+00   7.21714591e-06
9.30000000e+00   7.04126257e-06
9.31000000e+00   6.86946730e-06
9.32000000e+00   6.70167019e-06
9.33000000e+00   6.53778314e-06
9.34000000e+00   6.37771989e-06
9.35000000e+00   6.22139597e-06
9.36000000e+00   6.06872864e-06
9.37000000e+00   5.91963689e-06
9.38000000e+00   5.77404139e-06
9.39000000e+00   5.63186444e-06
9.40000000e+00   5.49302999e-06
9.41000000e+00   5.35746356e-06
9.42000000e+00   5.22509223e-06
9.43000000e+00   5.09584461e-06
9.44000000e+00   4.96965079e-06
9.45000000e+00   4.84644236e-06
9.46000000e+00   4.72615231e-06
9.47000000e+00   4.60871508e-06
9.48000000e+00   4.49406648e-06
9.49000000e+00   4.38214366e-06
9.50000000e+00   4.27288512e-06
9.51000000e+00   4.16623066e-06
9.52000000e+00   4.06212136e-06
9.53000000e+00   3.96049956e-06
9.54000000e+00   3.86130880e-06
9.55000000e+00   3.76449386e-06
9.56000000e+00   3.67000068e-06
9.57000000e+00   3.57777637e-06
9.58000000e+00   3.48776916e-06
9.59000000e+00   3.39992840e-06
9.60000000e+00   3.31420453e-06
9.61000000e+00   3.23054906e-06
9.62000000e+00   3.14891454e-06
9.63000000e+00   3.06925455e-06
9.64000000e+00   2.99152367e-06
9.65000000e+00   2.91567747e-06
9.66000000e+00   2.84167249e-06
9.67000000e+00   2.76946619e-06
9.68000000e+00   2.69901699e-06
9.69000000e+00   2.63028419e-06
9.70000000e+00   2.56322800e-06
9.71000000e+00   2.49780949e-06
9.72000000e+00   2.43399057e-06
9.73000000e+00   2.37173402e-06
9.74000000e+00   2.31100340e-06
9.75000000e+00   2.25176310e-06
9.76000000e+00   2.19397829e-06
9.77000000e+00   2.13761489e-06
9.78000000e+00   2.08263960e-06
9.79000000e+00   2.02901983e-06
9.80000000e+00   1.97672374e-06
9.81000000e+00   1.92572019e-06
9.82000000e+00   1.87597872e-06
9.83000000e+00   1.82746955e-06
9.84000000e+00   1.78016358e-06
9.85000000e+00   1.73403235e-06
9.86000000e+00   1.68904804e-06
9.87000000e+00   1.64518345e-06
9.88000000e+00   1.60241198e-06
9.89000000e+00   1.56070766e-06
9.90000000e+00   1.52004507e-06
9.91000000e+00   1.48039938e-06
9.92000000e+00   1.44174632e-06
9.93000000e+00   1.40406217e-06
9.94000000e+00   1.36732374e-06
9.95000000e+00   1.33150836e-06
9.96000000e+00   1.29659390e-06
9.97000000e+00   1.26255871e-06
9.98000000e+00   1.22938164e-06
9.99000000e+00   1.19704202e-06
1.00000000e+01   1.16551967e-06
1.00100000e+01   1.13479483e-06
1.00200000e+01   1.10484825e-06
1.00300000e+01   1.07566106e-06
1.00400000e+01   1.04721488e-06
1.00500000e+01   1.01949171e-06
1.00600000e+01   9.92473987e-07
1.00700000e+01   9.66144547e-07
1.00800000e+01   9.40486624e-07
1.00900000e+01   9.15483838e-07
1.01000000e+01   8.91120189e-07
1.01100000e+01   8.67380049e-07
1.01200000e+01   8.44248152e-07
1.01300000e+01   8.21709588e-07
1.01400000e+01   7.99749794e-07
1.01500000e+01   7.78354546e-07
1.01600000e+01   7.57509954e-07
1.01700000e+01   7.37202452e-07
1.01800000e+01   7.17418790e-07
1.01900000e+01   6.98146033e-07
1.02000000e+01   6.79371545e-07
1.02100000e+01   6.61082991e-07
1.02200000e+01   6.43268326e-07
1.02300000e+01   6.25915786e-07
1.02400000e+01   6.09013889e-07
1.02500000e+01   5.92551423e-07
1.02600000e+01   5.76517440e-07
1.02700000e+01   5.60901254e-07
1.02800000e+01   5.45692431e-07
1.02900000e+01   5.30880787e-07
1.03000000e+01   5.16456379e-07
1.03100000e+01   5.02409501e-07
1.03200000e+01   4.88730680e-07
1.03300000e+01   4.75410668e-07
1.03400000e+01   4.62440441e-07
1.03500000e+01   4.49811189e-07
1.03600000e+01   4.37514313e-07
1.03700000e+01   4.25541423e-07
1.03800000e+01   4.13884330e-07
1.03900000e+01   4.02535041e-07
1.04000000e+01   3.91485759e-07
1.04100000e+01   3.80728872e-07
1.04200000e+01   3.70256956e-07
1.04300000e+01   3.60062762e-07
1.04400000e+01   3.50139222e-07
1.04500000e+01   3.40479436e-07
1.04600000e+01   3.31076674e-07
1.04700000e+01   3.21924369e-07
1.04800000e+01   3.13016114e-07
1.04900000e+01   3.04345660e-07
1.05000000e+01   2.95906908e-07
1.05100000e+01   2.87693912e-07
1.05200000e+01   2.79700870e-07
1.05300000e+01   2.71922120e-07
1.05400000e+01   2.64352144e-07
1.05500000e+01   2.56985557e-07
1.05600000e+01   2.49817107e-07
1.05700000e+01   2.42841671e-07
1.05800000e+01   2.36054254e-07
1.05900000e+01   2.29449984e-07
1.06000000e+01   2.23024110e-07
1.06100000e+01   2.16771998e-07
1.06200000e+01   2.10689131e-07
1.06300000e+01   2.04771102e-07
1.06400000e+01   1.99013614e-07
1.06500000e+01   1.93412480e-07
1.06600000e+01   1.87963614e-07
1.06700000e+01   1.82663034e-07
1.06800000e+01   1.77506857e-07
1.06900000e+01   1.72491299e-07
1.07000000e+01   1.67612668e-07
1.07100000e+01   1.62867368e-07
1.07200000e+01   1.58251890e-07
1.07300000e+01   1.53762817e-07
1.07400000e+01   1.49396815e-07
1.07500000e+01   1.45150637e-07
1.07600000e+01   1.41021116e-07
1.07700000e+01   1.37005165e-07
1.07800000e+01   1.33099778e-07
1.07900000e+01   1.29302022e-07
1.08000000e+01   1.25609041e-07
1.08100000e+01   1.22018050e-07
1.08200000e+01   1.18526335e-07
1.08300000e+01   1.15131253e-07
1.08400000e+01   1.11830228e-07
1.08500000e+01   1.08620747e-07
1.08600000e+01   1.05500365e-07
1.08700000e+01   1.02466698e-07
1.08800000e+01   9.95174228e-08
1.08900000e+01   9.66502772e-08
1.09000000e+01   9.38630561e-08
1.09100000e+01   9.11536117e-08
1.09200000e+01   8.85198515e-08
1.09300000e+01   8.59597370e-08
1.09400000e+01   8.34712823e-08
1.09500000e+01   8.10525531e-08
1.09600000e+01   7.87016651e-08
1.09700000e+01   7.64167829e-08
1.09800000e+01   7.41961190e-08
1.09900000e+01   7.20379320e-08
1.10000000e+01   6.99405261e-08
1.10100000e+01   6.79022498e-08
1.10200000e+01   6.59214944e-08
1.10300000e+01   6.39966935e-08
1.10400000e+01   6.21263217e-08
1.10500000e+01   6.03088934e-08
1.10600000e+01   5.85429620e-08
1.10700000e+01   5.68271190e-08
1.10800000e+01   5.51599928e-08
1.10900000e+01   5.35402481e-08
1.11000000e+01   5.19665845e-08
1.11100000e+01   5.04377362e-08
1.11200000e+01   4.89524707e-08
1.11300000e+01   4.75095880e-08
1.11400000e+01   4.61079200e-08
1.11500000e+01   4.47463297e-08
1.11600000e+01   4.34237100e-08
1.11700000e+01   4.21389834e-08
1.11800000e+01   4.08911010e-08
1.11900000e+01   3.96790418e-08
1.12000000e+01   3.85018122e-08
1.12100000e+01   3.73584449e-08
1.12200000e+01   3.62479986e-08
1.12300000e+01   3.51695572e-08
1.12400000e+01   3.41222289e-08
1.12500000e+01   3.31051463e-08
1.12600000e+01   3.21174648e-08
1.12700000e+01   3.11583627e-08
1.12800000e+01   3.02270405e-08
1.12900000e+01   2.93227202e-08
1.13000000e+01   2.84446448e-08
1.13100000e+01   2.75920775e-08
1.13200000e+01   2.67643018e-08
1.13300000e+01   2.59606203e-08
1.13400000e+01   2.51803548e-08
1.13500000e+01   2.44228452e-08
1.13600000e+01   2.36874494e-08
1.13700000e+01   2.29735430e-08
1.13800000e+01   2.22805182e-08
1.13900000e+01   2.16077841e-08
1.14000000e+01   2.09547658e-08
1.14100000e+01   2.03209042e-08
1.14200000e+01   1.97056552e-08
1.14300000e+01   1.91084899e-08
1.14400000e+01   1.85288938e-08
1.14500000e+01   1.79663665e-08
1.14600000e+01   1.74204214e-08
1.14700000e+01   1.68905852e-08
1.14800000e+01   1.63763977e-08
1.14900000e+01   1.58774114e-08
1.15000000e+01   1.53931910e-08
1.15100000e+01   1.49233135e-08
1.15200000e+01   1.44673672e-08
1.15300000e+01   1.40249523e-08
1.15400000e+01   1.35956796e-08
1.15500000e+01   1.31791711e-08
1.15600000e+01   1.27750589e-08
1.15700000e+01   1.23829858e-08
1.15800000e+01   1.20026041e-08
1.15900000e+01   1.16335761e-08
1.16000000e+01   1.12755734e-08
1.16100000e+01   1.09282767e-08
1.16200000e+01   1.05913757e-08
1.16300000e+01   1.02645690e-08
1.16400000e+01   9.94756321e-09
1.16500000e+01   9.64007354e-09
1.16600000e+01   9.34182304e-09
1.16700000e+01   9.05254257e-09
1.16800000e+01   8.77197058e-09
1.16900000e+01   8.49985287e-09
1.17000000e+01   8.23594242e-09
1.17100000e+01   7.97999920e-09
1.17200000e+01   7.73178995e-09
1.17300000e+01   7.49108801e-09
1.17400000e+01   7.25767315e-09
1.17500000e+01   7.03133139e-09
1.17600000e+01   6.81185482e-09
1.17700000e+01   6.59904143e-09
1.17800000e+01   6.39269498e-09
1.17900000e+01   6.19262481e-09
1.18000000e+01   5.99864568e-09
1.18100000e+01   5.81057766e-09
1.18200000e+01   5.62824596e-09
1.18300000e+01   5.45148078e-09
1.18400000e+01   5.28011719e-09
1.18500000e+01   5.11399498e-09
1.18600000e+01   4.95295856e-09
1.18700000e+01   4.79685678e-09
1.18800000e+01   4.64554286e-09
1.18900000e+01   4.49887423e-09
1.19000000e+01   4.35671243e-09
1.19100000e+01   4.21892302e-09
1.19200000e+01   4.08537542e-09
1.19300000e+01   3.95594282e-09
1.19400000e+01   3.83050209e-09
1.19500000e+01   3.70893368e-09
1.19600000e+01   3.59112148e-09
1.19700000e+01   3.47695278e-09
1.19800000e+01   3.36631811e-09
1.19900000e+01   3.25911123e-09
1.20000000e+01   3.15522896e-09
1.20100000e+01   3.05457114e-09
1.20200000e+01   2.95704053e-09
1.20300000e+01   2.86254273e-09
1.20400000e+01   2.77098612e-09
1.20500000e+01   2.68228174e-09
1.20600000e+01   2.59634323e-09
1.20700000e+01   2.51308680e-09
1.20800000e+01   2.43243108e-09
1.20900000e+01   2.35429712e-09
1.21000000e+01   2.27860828e-09
1.21100000e+01   2.20529018e-09
1.21200000e+01   2.13427064e-09
1.21300000e+01   2.06547960e-09
1.21400000e+01   1.99884908e-09
1.21500000e+01   1.93431311e-09
1.21600000e+01   1.87180766e-09
1.21700000e+01   1.81127062e-09
1.21800000e+01   1.75264170e-09
1.21900000e+01   1.69586241e-09
1.22000000e+01   1.64087601e-09
1.22100000e+01   1.58762744e-09
1.22200000e+01   1.53606327e-09
1.22300000e+01   1.48613168e-09
1.22400000e+01   1.43778239e-09
1.22500000e+01   1.39096661e-09
1.22600000e+01   1.34563704e-09
1.22700000e+01   1.30174776e-09
1.22800000e+01   1.25925426e-09
1.22900000e+01   1.21811334e-09
1.23000000e+01   1.17828311e-09
1.23100000e+01   1.13972293e-09
1.23200000e+01   1.10239340e-09
1.23300000e+01   1.06625629e-09
1.23400000e+01   1.03127453e-09
1.23500000e+01   9.97412169e-10
1.23600000e+01   9.64634338e-10
1.23700000e+01   9.32907229e-10
1.23800000e+01   9.02198051e-10
1.23900000e+01   8.72475012e-10
1.24000000e+01   8.43707281e-10
1.24100000e+01   8.15864965e-10
1.24200000e+01   7.88919077e-10
1.24300000e+01   7.62841516e-10
1.24400000e+01   7.37605034e-10
1.24500000e+01   7.13183213e-10
1.24600000e+01   6.89550443e-10
1.24700000e+01   6.66681896e-10
1.24800000e+01   6.44553501e-10
1.24900000e+01   6.23141927e-10
1.25000000e+01   6.02424554e-10
1.25100000e+01   5.82379459e-10
1.25200000e+01   5.62985391e-10
1.25300000e+01   5.44221749e-10
1.25400000e+01   5.26068570e-10
1.25500000e+01   5.08506503e-10
1.25600000e+01   4.91516793e-10
1.25700000e+01   4.75081265e-10
1.25800000e+01   4.59182303e-10
1.25900000e+01   4.43802839e-10
1.26000000e+01   4.28926329e-10
1.26100000e+01   4.14536743e-10
1.26200000e+01   4.00618548e-10
1.26300000e+01   3.87156694e-10
1.26400000e+01   3.74136594e-10
1.26500000e+01   3.61544120e-10
1.26600000e+01   3.49365580e-10
1.26700000e+01   3.37587710e-10
1.26800000e+01   3.26197657e-10
1.26900000e+01   3.15182973e-10
1.27000000e+01   3.04531595e-10
1.27100000e+01   2.94231840e-10
1.27200000e+01   2.84272389e-10
1.27300000e+01   2.74642278e-10
1.27400000e+01   2.65330886e-10
1.27500000e+01   2.56327926e-10
1.27600000e+01   2.47623434e-10
1.27700000e+01   2.39207760e-10
1.27800000e+01   2.31071556e-10
1.27900000e+01   2.23205770e-10
1.28000000e+01   2.15601636e-10
1.28100000e+01   2.08250661e-10
1.28200000e+01   2.01144625e-10
1.28300000e+01   1.94275565e-10
1.28400000e+01   1.87635770e-10
1.28500000e+01   1.81217775e-10
1.28600000e+01   1.75014351e-10
1.28700000e+01   1.69018497e-10
1.28800000e+01   1.63223437e-10
1.28900000e+01   1.57622607e-10
1.29000000e+01   1.52209656e-10
1.29100000e+01   1.46978433e-10
1.29200000e+01   1.41922982e-10
1.29300000e+01   1.37037539e-10
1.29400000e+01   1.32316525e-10
1.29500000e+01   1.27754537e-10
1.29600000e+01   1.23346346e-10
1.29700000e+01   1.19086891e-10
1.29800000e+01   1.14971272e-10
1.29900000e+01   1.10994747e-10
1.30000000e+01   1.07152727e-10
1.30100000e+01   1.03440770e-10
1.30200000e+01   9.98545761e-11
1.30300000e+01   9.63899854e-11
1.30400000e+01   9.30429712e-11
1.30500000e+01   8.98096370e-11
1.30600000e+01   8.66862121e-11
1.30700000e+01   8.36690477e-11
1.30800000e+01   8.07546133e-11
1.30900000e+01   7.79394924e-11
1.31000000e+01   7.52203796e-11
1.31100000e+01   7.25940765e-11
1.31200000e+01   7.00574888e-11
1.31300000e+01   6.76076227e-11
1.31400000e+01   6.52415817e-11
1.31500000e+01   6.29565638e-11
1.31600000e+01   6.07498582e-11
1.31700000e+01   5.86188428e-11
1.31800000e+01   5.65609808e-11
1.31900000e+01   5.45738186e-11
1.32000000e+01   5.26549826e-11
1.32100000e+01   5.08021772e-11
1.32200000e+01   4.90131819e-11
1.32300000e+01   4.72858490e-11
1.32400000e+01   4.56181014e-11
1.32500000e+01   4.40079302e-11
1.32600000e+01   4.24533926e-11
1.32700000e+01   4.09526098e-11
1.32800000e+01   3.95037650e-11
1.32900000e+01   3.81051010e-11
1.33000000e+01   3.67549189e-11
1.33100000e+01   3.54515759e-11
1.33200000e+01   3.41934834e-11
1.33300000e+01   3.29791055e-11
1.33400000e+01   3.18069571e-11
1.33500000e+01   3.06756024e-11
1.33600000e+01   2.95836532e-11
1.33700000e+01   2.85297675e-11
1.33800000e+01   2.75126477e-11
1.33900000e+01   2.65310398e-11
1.34000000e+01   2.55837310e-11
1.34100000e+01   2.46695495e-11
1.34200000e+01   2.37873622e-11
1.34300000e+01   2.29360739e-11
1.34400000e+01   2.21146262e-11
1.34500000e+01   2.13219960e-11
1.34600000e+01   2.05571942e-11
1.34700000e+01   1.98192653e-11
1.34800000e+01   1.91072856e-11
1.34900000e+01   1.84203623e-11
1.35000000e+01   1.77576329e-11
1.35100000e+01   1.71182636e-11
1.35200000e+01   1.65014488e-11
1.35300000e+01   1.59064101e-11
1.35400000e+01   1.53323953e-11
1.35500000e+01   1.47786776e-11
1.35600000e+01   1.42445545e-11
1.35700000e+01   1.37293477e-11
1.35800000e+01   1.32324015e-11
1.35900000e+01   1.27530825e-11
1.36000000e+01   1.22907788e-11
1.36100000e+01   1.18448993e-11
1.36200000e+01   1.14148728e-11
1.36300000e+01   1.10001477e-11
1.36400000e+01   1.06001910e-11
1.36500000e+01   1.02144880e-11
1.36600000e+01   9.84254146e-12
1.36700000e+01   9.48387101e-12
1.36800000e+01   9.13801279e-12
1.36900000e+01   8.80451873e-12
1.37000000e+01   8.48295612e-12
1.37100000e+01   8.17290700e-12
1.37200000e+01   7.87396776e-12
1.37300000e+01   7.58574862e-12
1.37400000e+01   7.30787315e-12
1.37500000e+01   7.03997787e-12
1.37600000e+01   6.78171176e-12
1.37700000e+01   6.53273589e-12
1.37800000e+01   6.29272300e-12
1.37900000e+01   6.06135709e-12
1.38000000e+01   5.83833306e-12
1.38100000e+01   5.62335634e-12
1.38200000e+01   5.41614253e-12
1.38300000e+01   5.21641706e-12
1.38400000e+01   5.02391487e-12
1.38500000e+01   4.83838006e-12
1.38600000e+01   4.65956561e-12
1.38700000e+01   4.48723305e-12
1.38800000e+01   4.32115221e-12
1.38900000e+01   4.16110091e-12
1.39000000e+01   4.00686467e-12
1.39100000e+01   3.85823652e-12
1.39200000e+01   3.71501666e-12
1.39300000e+01   3.57701226e-12
1.39400000e+01   3.44403723e-12
1.39500000e+01   3.31591197e-12
1.39600000e+01   3.19246316e-12
1.39700000e+01   3.07352354e-12
1.39800000e+01   2.95893169e-12
1.39900000e+01   2.84853187e-12
1.40000000e+01   2.74217378e-12
1.40100000e+01   2.63971240e-12
1.40200000e+01   2.54100781e-12
1.40300000e+01   2.44592500e-12
1.40400000e+01   2.35433372e-12
1.40500000e+01   2.26610828e-12
1.40600000e+01   2.18112744e-12
1.40700000e+01   2.09927423e-12
1.40800000e+01   2.02043582e-12
1.40900000e+01   1.94450335e-12
1.41000000e+01   1.87137180e-12
1.41100000e+01   1.80093990e-12
1.41200000e+01   1.73310992e-12
1.41300000e+01   1.66778763e-12
1.41400000e+01   1.60488213e-12
1.41500000e+01   1.54430575e-12
1.41600000e+01   1.48597392e-12
1.41700000e+01   1.42980509e-12
1.41800000e+01   1.37572061e-12
1.41900000e+01   1.32364463e-12
1.42000000e+01   1.27350400e-12
1.42100000e+01   1.22522819e-12
1.42200000e+01   1.17874917e-12
1.42300000e+01   1.13400137e-12
1.42400000e+01   1.09092152e-12
1.42500000e+01   1.04944866e-12
1.42600000e+01   1.00952398e-12
1.42700000e+01   9.71090795e-13
1.42800000e+01   9.34094452e-13
1.42900000e+01   8.98482256e-13
1.43000000e+01   8.64203406e-13
1.43100000e+01   8.31208929e-13
1.43200000e+01   7.99451615e-13
1.43300000e+01   7.68885951e-13
1.43400000e+01   7.39468070e-13
1.43500000e+01   7.11155682e-13
1.43600000e+01   6.83908028e-13
1.43700000e+01   6.57685819e-13
1.43800000e+01   6.32451189e-13
1.43900000e+01   6.08167641e-13
1.44000000e+01   5.84800000e-13
1.44100000e+01   5.62314367e-13
1.44200000e+01   5.40678071e-13
1.44300000e+01   5.19859629e-13
1.44400000e+01   4.99828701e-13
1.44500000e+01   4.80556051e-13
1.44600000e+01   4.62013506e-13
1.44700000e+01   4.44173919e-13
1.44800000e+01   4.27011135e-13
1.44900000e+01   4.10499949e-13
1.45000000e+01   3.94616080e-13
1.45100000e+01   3.79336133e-13
1.45200000e+01   3.64637567e-13
1.45300000e+01   3.50498667e-13
1.45400000e+01   3.36898514e-13
1.45500000e+01   3.23816955e-13
1.45600000e+01   3.11234576e-13
1.45700000e+01   2.99132677e-13
1.45800000e+01   2.87493242e-13
1.45900000e+01   2.76298921e-13
1.46000000e+01   2.65533001e-13
1.46100000e+01   2.55179384e-13
1.46200000e+01   2.45222566e-13
1.46300000e+01   2.35647613e-13
1.46400000e+01   2.26440145e-13
1.46500000e+01   2.17586313e-13
1.46600000e+01   2.09072777e-13
1.46700000e+01   2.00886693e-13
1.46800000e+01   1.93015692e-13
1.46900000e+01   1.85447865e-13
1.47000000e+01   1.78171741e-13
1.47100000e+01   1.71176278e-13
1.47200000e+01   1.64450843e-13
1.47300000e+01   1.57985197e-13
1.47400000e+01   1.51769485e-13
1.47500000e+01   1.45794215e-13
1.47600000e+01   1.40050252e-13
1.47700000e+01   1.34528800e-13
1.47800000e+01   1.29221391e-13
1.47900000e+01   1.24119874e-13
1.48000000e+01   1.19216403e-13
1.48100000e+01   1.14503423e-13
1.48200000e+01   1.09973665e-13
1.48300000e+01   1.05620131e-13
1.48400000e+01   1.01436084e-13
1.48500000e+01   9.74150412e-14
1.48600000e+01   9.35507636e-14
1.48700000e+01   8.98372456e-14
1.48800000e+01   8.62687078e-14
1.48900000e+01   8.28395881e-14
1.49000000e+01   7.95445342e-14
1.49100000e+01   7.63783951e-14
1.49200000e+01   7.33362146e-14
1.49300000e+01   7.04132231e-14
1.49400000e+01   6.76048313e-14
1.49500000e+01   6.49066237e-14
1.49600000e+01   6.23143514e-14
1.49700000e+01   5.98239266e-14
1.49800000e+01   5.74314163e-14
1.49900000e+01   5.51330367e-14
1.50000000e+01   5.29251477e-14
