0.00000000e+00   0.00000000e+00
1.00000000e-02   5.03657102e-03
2.00000000e-02   1.00727235e-02
3.00000000e-02   1.51080389e-02
4.00000000e-02   2.01420990e-02
5.00000000e-02   2.51744854e-02
6.00000000e-02   3.02047804e-02
7.00000000e-02   3.52325660e-02
8.00000000e-02   4.02574251e-02
9.00000000e-02   4.52789408e-02
1.00000000e-01   5.02966965e-02
1.10000000e-01   5.53102763e-02
1.20000000e-01   6.03192649e-02
1.30000000e-01   6.53232476e-02
1.40000000e-01   7.03218102e-02
1.50000000e-01   7.53145396e-02
1.60000000e-01   8.03010232e-02
1.70000000e-01   8.52808495e-02
1.80000000e-01   9.02536077e-02
1.90000000e-01   9.52188881e-02
2.00000000e-01   1.00176282e-01
2.10000000e-01   1.05125382e-01
2.20000000e-01   1.10065781e-01
2.30000000e-01   1.14997075e-01
2.40000000e-01   1.19918859e-01
2.50000000e-01   1.24830730e-01
2.60000000e-01   1.29732288e-01
2.70000000e-01   1.34623132e-01
2.80000000e-01   1.39502864e-01
2.90000000e-01   1.44371087e-01
3.00000000e-01   1.49227406e-01
3.10000000e-01   1.54071426e-01
3.20000000e-01   1.58902757e-01
3.30000000e-01   1.63721008e-01
3.40000000e-01   1.68525790e-01
3.50000000e-01   1.73316716e-01
3.60000000e-01   1.78093403e-01
3.70000000e-01   1.82855467e-01
3.80000000e-01   1.87602527e-01
3.90000000e-01   1.92334205e-01
4.00000000e-01   1.97050125e-01
4.10000000e-01   2.01749911e-01
4.20000000e-01   2.06433192e-01
4.30000000e-01   2.11099597e-01
4.40000000e-01   2.15748759e-01
4.50000000e-01   2.20380312e-01
4.60000000e-01   2.24993894e-01
4.70000000e-01   2.29589144e-01
4.80000000e-01   2.34165704e-01
4.90000000e-01   2.38723218e-01
5.00000000e-01   2.43261334e-01
5.10000000e-01   2.47779701e-01
5.20000000e-01   2.52277972e-01
5.30000000e-01   2.56755801e-01
5.40000000e-01   2.61212847e-01
5.50000000e-01   2.65648771e-01
5.60000000e-01   2.70063235e-01
5.70000000e-01   2.74455906e-01
5.80000000e-01   2.78826454e-01
5.90000000e-01   2.83174551e-01
6.00000000e-01   2.87499872e-01
6.10000000e-01   2.91802095e-01
6.20000000e-01   2.96080902e-01
6.30000000e-01   3.00335978e-01
6.40000000e-01   3.04567010e-01
6.50000000e-01   3.08773689e-01
6.60000000e-01   3.12955710e-01
6.70000000e-01   3.17112770e-01
6.80000000e-01   3.21244569e-01
6.90000000e-01   3.25350813e-01
7.00000000e-01   3.29431207e-01
7.10000000e-01   3.33485465e-01
7.20000000e-01   3.37513298e-01
7.30000000e-01   3.41514427e-01
7.40000000e-01   3.45488572e-01
7.50000000e-01   3.49435458e-01
7.60000000e-01   3.53354813e-01
7.70000000e-01   3.57246370e-01
7.80000000e-01   3.61109865e-01
7.90000000e-01   3.64945036e-01
8.00000000e-01   3.68751628e-01
8.10000000e-01   3.72529387e-01
8.20000000e-01   3.76278064e-01
8.30000000e-01   3.79997412e-01
8.40000000e-01   3.83687191e-01
8.50000000e-01   3.87347163e-01
8.60000000e-01   3.90977092e-01
8.70000000e-01   3.94576750e-01
8.80000000e-01   3.98145909e-01
8.90000000e-01   4.01684348e-01
9.00000000e-01   4.05191847e-01
9.10000000e-01   4.08668193e-01
9.20000000e-01   4.12113175e-01
9.30000000e-01   4.15526586e-01
9.40000000e-01   4.18908223e-01
9.50000000e-01   4.22257889e-01
9.60000000e-01   4.25575389e-01
9.70000000e-01   4.28860532e-01
9.80000000e-01   4.32113133e-01
9.90000000e-01   4.35333009e-01
1.00000000e+00   4.38519981e-01
1.01000000e+00   4.41673877e-01
1.02000000e+00   4.44794527e-01
1.03000000e+00   4.47881764e-01
1.04000000e+00   4.50935427e-01
1.05000000e+00   4.53955360e-01
1.06000000e+00   4.56941408e-01
1.07000000e+00   4.59893424e-01
1.08000000e+00   4.62811261e-01
1.09000000e+00   4.65694781e-01
1.10000000e+00   4.68543846e-01
1.11000000e+00   4.71358325e-01
1.12000000e+00   4.74138089e-01
1.13000000e+00   4.76883016e-01
1.14000000e+00   4.79592985e-01
1.15000000e+00   4.82267882e-01
1.16000000e+00   4.84907595e-01
1.17000000e+00   4.87512019e-01
1.18000000e+00   4.90081050e-01
1.19000000e+00   4.92614591e-01
1.20000000e+00   4.95112548e-01
1.21000000e+00   4.97574831e-01
1.22000000e+00   5.00001355e-01
1.23000000e+00   5.02392038e-01
1.24000000e+00   5.04746803e-01
1.25000000e+00   5.07065579e-01
1.26000000e+00   5.09348296e-01
1.27000000e+00   5.11594890e-01
1.28000000e+00   5.13805302e-01
1.29000000e+00   5.15979475e-01
1.30000000e+00   5.18117358e-01
1.31000000e+00   5.20218903e-01
1.32000000e+00   5.22284067e-01
1.33000000e+00   5.24312812e-01
1.34000000e+00   5.26305102e-01
1.35000000e+00   5.28260907e-01
1.36000000e+00   5.30180199e-01
1.37000000e+00   5.32062958e-01
1.38000000e+00   5.33909164e-01
1.39000000e+00   5.35718803e-01
1.40000000e+00   5.37491866e-01
1.41000000e+00   5.39228345e-01
1.42000000e+00   5.40928240e-01
1.43000000e+00   5.42591552e-01
1.44000000e+00   5.44218288e-01
1.45000000e+00   5.45808457e-01
1.46000000e+00   5.47362075e-01
1.47000000e+00   5.48879159e-01
1.48000000e+00   5.50359730e-01
1.49000000e+00   5.51803817e-01
1.50000000e+00   5.53211447e-01
1.51000000e+00   5.54582656e-01
1.52000000e+00   5.55917481e-01
1.53000000e+00   5.57215964e-01
1.54000000e+00   5.58478150e-01
1.55000000e+00   5.59704089e-01
1.56000000e+00   5.60893834e-01
1.57000000e+00   5.62047441e-01
1.58000000e+00   5.63164972e-01
1.59000000e+00   5.64246490e-01
1.60000000e+00   5.65292064e-01
1.61000000e+00   5.66301766e-01
1.62000000e+00   5.67275671e-01
1.63000000e+00   5.68213858e-01
1.64000000e+00   5.69116410e-01
1.65000000e+00   5.69983412e-01
1.66000000e+00   5.70814955e-01
1.67000000e+00   5.71611132e-01
1.68000000e+00   5.72372040e-01
1.69000000e+00   5.73097778e-01
1.70000000e+00   5.73788451e-01
1.71000000e+00   5.74444165e-01
1.72000000e+00   5.75065031e-01
1.73000000e+00   5.75651162e-01
1.74000000e+00   5.76202676e-01
1.75000000e+00   5.76719692e-01
1.76000000e+00   5.77202335e-01
1.77000000e+00   5.77650730e-01
1.78000000e+00   5.78065008e-01
1.79000000e+00   5.78445301e-01
1.80000000e+00   5.78791747e-01
1.81000000e+00   5.79104483e-01
1.82000000e+00   5.79383653e-01
1.83000000e+00   5.79629401e-01
1.84000000e+00   5.79841875e-01
1.85000000e+00   5.80021227e-01
1.86000000e+00   5.80167611e-01
1.87000000e+00   5.80281183e-01
1.88000000e+00   5.80362103e-01
1.89000000e+00   5.80410534e-01
1.90000000e+00   5.80426640e-01
1.91000000e+00   5.80410590e-01
1.92000000e+00   5.80362554e-01
1.93000000e+00   5.80282706e-01
1.94000000e+00   5.80171221e-01
1.95000000e+00   5.80028277e-01
1.96000000e+00   5.79854056e-01
1.97000000e+00   5.79648741e-01
1.98000000e+00   5.79412517e-01
1.99000000e+00   5.79145573e-01
2.00000000e+00   5.78848100e-01
2.01000000e+00   5.78520289e-01
2.02000000e+00   5.78162338e-01
2.03000000e+00   5.77774442e-01
2.04000000e+00   5.77356802e-01
2.05000000e+00   5.76909619e-01
2.06000000e+00   5.76433097e-01
2.07000000e+00   5.75927443e-01
2.08000000e+00   5.75392865e-01
2.09000000e+00   5.74829571e-01
2.10000000e+00   5.74237776e-01
2.11000000e+00   5.73617692e-01
2.12000000e+00   5.72969535e-01
2.13000000e+00   5.72293523e-01
2.14000000e+00   5.71589876e-01
2.15000000e+00   5.70858814e-01
2.16000000e+00   5.70100561e-01
2.17000000e+00   5.69315342e-01
2.18000000e+00   5.68503383e-01
2.19000000e+00   5.67664911e-01
2.20000000e+00   5.66800156e-01
2.21000000e+00   5.65909349e-01
2.22000000e+00   5.64992723e-01
2.23000000e+00   5.64050511e-01
2.24000000e+00   5.63082949e-01
2.25000000e+00   5.62090273e-01
2.26000000e+00   5.61072721e-01
2.27000000e+00   5.60030532e-01
2.28000000e+00   5.58963947e-01
2.29000000e+00   5.57873208e-01
2.30000000e+00   5.56758557e-01
2.31000000e+00   5.55620238e-01
2.32000000e+00   5.54458496e-01
2.33000000e+00   5.53273577e-01
2.34000000e+00   5.52065728e-01
2.35000000e+00   5.50835196e-01
2.36000000e+00   5.49582231e-01
2.37000000e+00   5.48307083e-01
2.38000000e+00   5.47010001e-01
2.39000000e+00   5.45691236e-01
2.40000000e+00   5.44351042e-01
2.41000000e+00   5.42989671e-01
2.42000000e+00   5.41607375e-01
2.43000000e+00   5.40204410e-01
2.44000000e+00   5.38781029e-01
2.45000000e+00   5.37337488e-01
2.46000000e+00   5.35874043e-01
2.47000000e+00   5.34390948e-01
2.48000000e+00   5.32888462e-01
2.49000000e+00   5.31366841e-01
2.50000000e+00   5.29826342e-01
2.51000000e+00   5.28267222e-01
2.52000000e+00   5.26689741e-01
2.53000000e+00   5.25094155e-01
2.54000000e+00   5.23480723e-01
2.55000000e+00   5.21849704e-01
2.56000000e+00   5.20201357e-01
2.57000000e+00   5.18535939e-01
2.58000000e+00   5.16853710e-01
2.59000000e+00   5.15154928e-01
2.60000000e+00   5.13439852e-01
2.61000000e+00   5.11708742e-01
2.62000000e+00   5.09961855e-01
2.63000000e+00   5.08199450e-01
2.64000000e+00   5.06421786e-01
2.65000000e+00   5.04629120e-01
2.66000000e+00   5.02821711e-01
2.67000000e+00   5.00999816e-01
2.68000000e+00   4.99163693e-01
2.69000000e+00   4.97313599e-01
2.70000000e+00   4.95449789e-01
2.71000000e+00   4.93572522e-01
2.72000000e+00   4.91682052e-01
2.73000000e+00   4.89778636e-01
2.74000000e+00   4.87862527e-01
2.75000000e+00   4.85933980e-01
2.76000000e+00   4.83993250e-01
2.77000000e+00   4.82040590e-01
2.78000000e+00   4.80076252e-01
2.79000000e+00   4.78100488e-01
2.80000000e+00   4.76113549e-01
2.81000000e+00   4.74115687e-01
2.82000000e+00   4.72107151e-01
2.83000000e+00   4.70088191e-01
2.84000000e+00   4.68059054e-01
2.85000000e+00   4.66019989e-01
2.86000000e+00   4.63971242e-01
2.87000000e+00   4.61913058e-01
2.88000000e+00   4.59845684e-01
2.89000000e+00   4.57769362e-01
2.90000000e+00   4.55684337e-01
2.91000000e+00   4.53590849e-01
2.92000000e+00   4.51489141e-01
2.93000000e+00   4.49379452e-01
2.94000000e+00   4.47262021e-01
2.95000000e+00   4.45137086e-01
2.96000000e+00   4.43004885e-01
2.97000000e+00   4.40865652e-01
2.98000000e+00   4.38719622e-01
2.99000000e+00   4.36567029e-01
3.00000000e+00   4.34408105e-01
3.01000000e+00   4.32243080e-01
3.02000000e+00   4.30072186e-01
3.03000000e+00   4.27895649e-01
3.04000000e+00   4.25713698e-01
3.05000000e+00   4.23526557e-01
3.06000000e+00   4.21334453e-01
3.07000000e+00   4.19137607e-01
3.08000000e+00   4.16936242e-01
3.09000000e+00   4.14730578e-01
3.10000000e+00   4.12520835e-01
3.11000000e+00   4.10307230e-01
3.12000000e+00   4.08089979e-01
3.13000000e+00   4.05869298e-01
3.14000000e+00   4.03645398e-01
3.15000000e+00   4.01418493e-01
3.16000000e+00   3.99188793e-01
3.17000000e+00   3.96956506e-01
3.18000000e+00   3.94721839e-01
3.19000000e+00   3.92484999e-01
3.20000000e+00   3.90246189e-01
3.21000000e+00   3.88005613e-01
3.22000000e+00   3.85763471e-01
3.23000000e+00   3.83519962e-01
3.24000000e+00   3.81275284e-01
3.25000000e+00   3.79029634e-01
3.26000000e+00   3.76783205e-01
3.27000000e+00   3.74536192e-01
3.28000000e+00   3.72288784e-01
3.29000000e+00   3.70041171e-01
3.30000000e+00   3.67793542e-01
3.31000000e+00   3.65546081e-01
3.32000000e+00   3.63298975e-01
3.33000000e+00   3.61052404e-01
3.34000000e+00   3.58806551e-01
3.35000000e+00   3.56561594e-01
3.36000000e+00   3.54317710e-01
3.37000000e+00   3.52075077e-01
3.38000000e+00   3.49833866e-01
3.39000000e+00   3.47594251e-01
3.40000000e+00   3.45356402e-01
3.41000000e+00   3.43120487e-01
3.42000000e+00   3.40886673e-01
3.43000000e+00   3.38655125e-01
3.44000000e+00   3.36426007e-01
3.45000000e+00   3.34199479e-01
3.46000000e+00   3.31975702e-01
3.47000000e+00   3.29754832e-01
3.48000000e+00   3.27537027e-01
3.49000000e+00   3.25322439e-01
3.50000000e+00   3.23111221e-01
3.51000000e+00   3.20903524e-01
3.52000000e+00   3.18699496e-01
3.53000000e+00   3.16499283e-01
3.54000000e+00   3.14303032e-01
3.55000000e+00   3.12110884e-01
3.56000000e+00   3.09922981e-01
3.57000000e+00   3.07739462e-01
3.58000000e+00   3.05560465e-01
3.59000000e+00   3.03386125e-01
3.60000000e+00   3.01216576e-01
3.61000000e+00   2.99051950e-01
3.62000000e+00   2.96892378e-01
3.63000000e+00   2.94737986e-01
3.64000000e+00   2.92588903e-01
3.65000000e+00   2.90445251e-01
3.66000000e+00   2.88307154e-01
3.67000000e+00   2.86174733e-01
3.68000000e+00   2.84048107e-01
3.69000000e+00   2.81927393e-01
3.70000000e+00   2.79812705e-01
3.71000000e+00   2.77704158e-01
3.72000000e+00   2.75601864e-01
3.73000000e+00   2.73505931e-01
3.74000000e+00   2.71416468e-01
3.75000000e+00   2.69333582e-01
3.76000000e+00   2.67257376e-01
3.77000000e+00   2.65187952e-01
3.78000000e+00   2.63125413e-01
3.79000000e+00   2.61069856e-01
3.80000000e+00   2.59021378e-01
3.81000000e+00   2.56980076e-01
3.82000000e+00   2.54946042e-01
3.83000000e+00   2.52919368e-01
3.84000000e+00   2.50900145e-01
3.85000000e+00   2.48888460e-01
3.86000000e+00   2.46884399e-01
3.87000000e+00   2.44888048e-01
3.88000000e+00   2.42899489e-01
3.89000000e+00   2.40918804e-01
3.90000000e+00   2.38946072e-01
3.91000000e+00   2.36981371e-01
3.92000000e+00   2.35024776e-01
3.93000000e+00   2.33076362e-01
3.94000000e+00   2.31136202e-01
3.95000000e+00   2.29204366e-01
3.96000000e+00   2.27280923e-01
3.97000000e+00   2.25365942e-01
3.98000000e+00   2.23459488e-01
3.99000000e+00   2.21561624e-01
4.00000000e+00   2.19672415e-01
4.01000000e+00   2.17791920e-01
4.02000000e+00   2.15920198e-01
4.03000000e+00   2.14057309e-01
4.04000000e+00   2.12203306e-01
4.05000000e+00   2.10358246e-01
4.06000000e+00   2.08522180e-01
4.07000000e+00   2.06695161e-01
4.08000000e+00   2.04877237e-01
4.09000000e+00   2.03068456e-01
4.10000000e+00   2.01268867e-01
4.11000000e+00   1.99478512e-01
4.12000000e+00   1.97697437e-01
4.13000000e+00   1.95925683e-01
4.14000000e+00   1.94163290e-01
4.15000000e+00   1.92410297e-01
4.16000000e+00   1.90666743e-01
4.17000000e+00   1.88932662e-01
4.18000000e+00   1.87208090e-01
4.19000000e+00   1.85493060e-01
4.20000000e+00   1.83787604e-01
4.21000000e+00   1.82091751e-01
4.22000000e+00   1.80405531e-01
4.23000000e+00   1.78728971e-01
4.24000000e+00   1.77062097e-01
4.25000000e+00   1.75404935e-01
4.26000000e+00   1.73757507e-01
4.27000000e+00   1.72119835e-01
4.28000000e+00   1.70491941e-01
4.29000000e+00   1.68873843e-01
4.30000000e+00   1.67265560e-01
4.31000000e+00   1.65667108e-01
4.32000000e+00   1.64078503e-01
4.33000000e+00   1.62499759e-01
4.34000000e+00   1.60930890e-01
4.35000000e+00   1.59371906e-01
4.36000000e+00   1.57822819e-01
4.37000000e+00   1.56283637e-01
4.38000000e+00   1.54754369e-01
4.39000000e+00   1.53235022e-01
4.40000000e+00   1.51725601e-01
4.41000000e+00   1.50226111e-01
4.42000000e+00   1.48736555e-01
4.43000000e+00   1.47256936e-01
4.44000000e+00   1.45787254e-01
4.45000000e+00   1.44327511e-01
4.46000000e+00   1.42877704e-01
4.47000000e+00   1.41437832e-01
4.48000000e+00   1.40007891e-01
4.49000000e+00   1.38587877e-01
4.50000000e+00   1.37177785e-01
4.51000000e+00   1.35777609e-01
4.52000000e+00   1.34387341e-01
4.53000000e+00   1.33006973e-01
4.54000000e+00   1.31636495e-01
4.55000000e+00   1.30275898e-01
4.56000000e+00   1.28925170e-01
4.57000000e+00   1.27584298e-01
4.58000000e+00   1.26253270e-01
4.59000000e+00   1.24932072e-01
4.60000000e+00   1.23620689e-01
4.61000000e+00   1.22319104e-01
4.62000000e+00   1.21027301e-01
4.63000000e+00   1.19745263e-01
4.64000000e+00   1.18472971e-01
4.65000000e+00   1.17210406e-01
4.66000000e+00   1.15957547e-01
4.67000000e+00   1.14714374e-01
4.68000000e+00   1.13480865e-01
4.69000000e+00   1.12256998e-01
4.70000000e+00   1.11042749e-01
4.71000000e+00   1.09838095e-01
4.72000000e+00   1.08643009e-01
4.73000000e+00   1.07457468e-01
4.74000000e+00   1.06281445e-01
4.75000000e+00   1.05114912e-01
4.76000000e+00   1.03957843e-01
4.77000000e+00   1.02810208e-01
4.78000000e+00   1.01671979e-01
4.79000000e+00   1.00543127e-01
4.80000000e+00   9.94236206e-02
4.81000000e+00   9.83134294e-02
4.82000000e+00   9.72125218e-02
4.83000000e+00   9.61208656e-02
4.84000000e+00   9.50384283e-02
4.85000000e+00   9.39651764e-02
4.86000000e+00   9.29010761e-02
4.87000000e+00   9.18460930e-02
4.88000000e+00   9.08001921e-02
4.89000000e+00   8.97633380e-02
4.90000000e+00   8.87354946e-02
4.91000000e+00   8.77166254e-02
4.92000000e+00   8.67066935e-02
4.93000000e+00   8.57056612e-02
4.94000000e+00   8.47134906e-02
4.95000000e+00   8.37301434e-02
4.96000000e+00   8.27555806e-02
4.97000000e+00   8.17897629e-02
4.98000000e+00   8.08326506e-02
4.99000000e+00   7.98842035e-02
5.00000000e+00   7.89443811e-02
5.01000000e+00   7.80131424e-02
5.02000000e+00   7.70904460e-02
5.03000000e+00   7.61762504e-02
5.04000000e+00   7.52705133e-02
5.05000000e+00   7.43731925e-02
5.06000000e+00   7.34842451e-02
5.07000000e+00   7.26036281e-02
5.08000000e+00   7.17312980e-02
5.09000000e+00   7.08672113e-02
5.10000000e+00   7.00113239e-02
5.11000000e+00   6.91635914e-02
5.12000000e+00   6.83239694e-02
5.13000000e+00   6.74924131e-02
5.14000000e+00   6.66688773e-02
5.15000000e+00   6.58533167e-02
5.16000000e+00   6.50456857e-02
5.17000000e+00   6.42459386e-02
5.18000000e+00   6.34540294e-02
5.19000000e+00   6.26699119e-02
5.20000000e+00   6.18935395e-02
5.21000000e+00   6.11248658e-02
5.22000000e+00   6.03638439e-02
5.23000000e+00   5.96104269e-02
5.24000000e+00   5.88645677e-02
5.25000000e+00   5.81262189e-02
5.26000000e+00   5.73953333e-02
5.27000000e+00   5.66718631e-02
5.28000000e+00   5.59557608e-02
5.29000000e+00   5.52469785e-02
5.30000000e+00   5.45454684e-02
5.31000000e+00   5.38511824e-02
5.32000000e+00   5.31640724e-02
5.33000000e+00   5.24840902e-02
5.34000000e+00   5.18111875e-02
5.35000000e+00   5.11453160e-02
5.36000000e+00   5.04864273e-02
5.37000000e+00   4.98344729e-02
5.38000000e+00   4.91894043e-02
5.39000000e+00   4.85511729e-02
5.40000000e+00   4.79197302e-02
5.41000000e+00   4.72950275e-02
5.42000000e+00   4.66770163e-02
5.43000000e+00   4.60656477e-02
5.44000000e+00   4.54608733e-02
5.45000000e+00   4.48626444e-02
5.46000000e+00   4.42709122e-02
5.47000000e+00   4.36856282e-02
5.48000000e+00   4.31067438e-02
5.49000000e+00   4.25342104e-02
5.50000000e+00   4.19679794e-02
5.51000000e+00   4.14080024e-02
5.52000000e+00   4.08542308e-02
5.53000000e+00   4.03066163e-02
5.54000000e+00   3.97651105e-02
5.55000000e+00   3.92296651e-02
5.56000000e+00   3.87002319e-02
5.57000000e+00   3.81767627e-02
5.58000000e+00   3.76592096e-02
5.59000000e+00   3.71475244e-02
5.60000000e+00   3.66416593e-02
5.61000000e+00   3.61415666e-02
5.62000000e+00   3.56471985e-02
5.63000000e+00   3.51585074e-02
5.64000000e+00   3.46754459e-02
5.65000000e+00   3.41979666e-02
5.66000000e+00   3.37260223e-02
5.67000000e+00   3.32595658e-02
5.68000000e+00   3.27985502e-02
5.69000000e+00   3.23429285e-02
5.70000000e+00   3.18926542e-02
5.71000000e+00   3.14476806e-02
5.72000000e+00   3.10079614e-02
5.73000000e+00   3.05734501e-02
5.74000000e+00   3.01441008e-02
5.75000000e+00   2.97198674e-02
5.76000000e+00   2.93007042e-02
5.77000000e+00   2.88865656e-02
5.78000000e+00   2.84774060e-02
5.79000000e+00   2.80731802e-02
5.80000000e+00   2.76738430e-02
5.81000000e+00   2.72793497e-02
5.82000000e+00   2.68896553e-02
5.83000000e+00   2.65047154e-02
5.84000000e+00   2.61244855e-02
5.85000000e+00   2.57489216e-02
5.86000000e+00   2.53779796e-02
5.87000000e+00   2.50116157e-02
5.88000000e+00   2.46497864e-02
5.89000000e+00   2.42924483e-02
5.90000000e+00   2.39395582e-02
5.91000000e+00   2.35910732e-02
5.92000000e+00   2.32469505e-02
5.93000000e+00   2.29071475e-02
5.94000000e+00   2.25716221e-02
5.95000000e+00   2.22403321e-02
5.96000000e+00   2.19132356e-02
5.97000000e+00   2.15902909e-02
5.98000000e+00   2.12714567e-02
5.99000000e+00   2.09566917e-02
6.00000000e+00   2.06459550e-02
6.01000000e+00   2.03392059e-02
6.02000000e+00   2.00364038e-02
6.03000000e+00   1.97375085e-02
6.04000000e+00   1.94424799e-02
6.05000000e+00   1.91512783e-02
6.06000000e+00   1.88638642e-02
6.07000000e+00   1.85801981e-02
6.08000000e+00   1.83002410e-02
6.09000000e+00   1.80239542e-02
6.10000000e+00   1.77512989e-02
6.11000000e+00   1.74822370e-02
6.12000000e+00   1.72167303e-02
6.13000000e+00   1.69547409e-02
6.14000000e+00   1.66962314e-02
6.15000000e+00   1.64411643e-02
6.16000000e+00   1.61895026e-02
6.17000000e+00   1.59412094e-02
6.18000000e+00   1.56962481e-02
6.19000000e+00   1.54545825e-02
6.20000000e+00   1.52161765e-02
6.21000000e+00   1.49809941e-02
6.22000000e+00   1.47490000e-02
6.23000000e+00   1.45201588e-02
6.24000000e+00   1.42944354e-02
6.25000000e+00   1.40717950e-02
6.26000000e+00   1.38522031e-02
6.27000000e+00   1.36356255e-02
6.28000000e+00   1.34220281e-02
6.29000000e+00   1.32113771e-02
6.30000000e+00   1.30036391e-02
6.31000000e+00   1.27987808e-02
6.32000000e+00   1.25967693e-02
6.33000000e+00   1.23975718e-02
6.34000000e+00   1.22011558e-02
6.35000000e+00   1.20074892e-02
6.36000000e+00   1.18165399e-02
6.37000000e+00   1.16282764e-02
6.38000000e+00   1.14426671e-02
6.39000000e+00   1.12596810e-02
6.40000000e+00   1.10792870e-02
6.41000000e+00   1.09014546e-02
6.42000000e+00   1.07261533e-02
6.43000000e+00   1.05533530e-02
6.44000000e+00   1.03830238e-02
6.45000000e+00   1.02151361e-02
6.46000000e+00   1.00496605e-02
6.47000000e+00   9.88656787e-03
6.48000000e+00   9.72582937e-03
6.49000000e+00   9.56741639e-03
6.50000000e+00   9.41130058e-03
6.51000000e+00   9.25745382e-03
6.52000000e+00   9.10584826e-03
6.53000000e+00   8.95645632e-03
6.54000000e+00   8.80925063e-03
6.55000000e+00   8.66420411e-03
6.56000000e+00   8.52128990e-03
6.57000000e+00   8.38048141e-03
6.58000000e+00   8.24175228e-03
6.59000000e+00   8.10507641e-03
6.60000000e+00   7.97042794e-03
6.61000000e+00   7.83778125e-03
6.62000000e+00   7.70711099e-03
6.63000000e+00   7.57839201e-03
6.64000000e+00   7.45159944e-03
6.65000000e+00   7.32670863e-03
6.66000000e+00   7.20369519e-03
6.67000000e+00   7.08253494e-03
6.68000000e+00   6.96320397e-03
6.69000000e+00   6.84567859e-03
6.70000000e+00   6.72993534e-03
6.71000000e+00   6.61595101e-03
6.72000000e+00   6.50370262e-03
6.73000000e+00   6.39316742e-03
6.74000000e+00   6.28432288e-03
6.75000000e+00   6.17714673e-03
6.76000000e+00   6.07161689e-03
6.77000000e+00   5.96771155e-03
6.78000000e+00   5.86540909e-03
6.79000000e+00   5.76468814e-03
6.80000000e+00   5.66552754e-03
6.81000000e+00   5.56790636e-03
6.82000000e+00   5.47180389e-03
6.83000000e+00   5.37719964e-03
6.84000000e+00   5.28407333e-03
6.85000000e+00   5.19240493e-03
6.86000000e+00   5.10217458e-03
6.87000000e+00   5.01336267e-03
6.88000000e+00   4.92594978e-03
6.89000000e+00   4.83991673e-03
6.90000000e+00   4.75524453e-03
6.91000000e+00   4.67191439e-03
6.92000000e+00   4.58990776e-03
6.93000000e+00   4.50920628e-03
6.94000000e+00   4.42979179e-03
6.95000000e+00   4.35164633e-03
6.96000000e+00   4.27475216e-03
6.97000000e+00   4.19909174e-03
6.98000000e+00   4.12464770e-03
6.99000000e+00   4.05140291e-03
7.00000000e+00   3.97934042e-03
7.01000000e+00   3.90844345e-03
7.02000000e+00   3.83869546e-03
7.03000000e+00   3.77008007e-03
7.04000000e+00   3.70258109e-03
7.05000000e+00   3.63618255e-03
7.06000000e+00   3.57086862e-03
7.07000000e+00   3.50662371e-03
7.08000000e+00   3.44343238e-03
7.09000000e+00   3.38127938e-03
7.10000000e+00   3.32014965e-03
7.11000000e+00   3.26002830e-03
7.12000000e+00   3.20090063e-03
7.13000000e+00   3.14275211e-03
7.14000000e+00   3.08556839e-03
7.15000000e+00   3.02933529e-03
7.16000000e+00   2.97403881e-03
7.17000000e+00   2.91966513e-03
7.18000000e+00   2.86620057e-03
7.19000000e+00   2.81363165e-03
7.20000000e+00   2.76194504e-03
7.21000000e+00   2.71112759e-03
7.22000000e+00   2.66116630e-03
7.23000000e+00   2.61204834e-03
7.24000000e+00   2.56376104e-03
7.25000000e+00   2.51629190e-03
7.26000000e+00   2.46962855e-03
7.27000000e+00   2.42375882e-03
7.28000000e+00   2.37867065e-03
7.29000000e+00   2.33435217e-03
7.30000000e+00   2.29079165e-03
7.31000000e+00   2.24797750e-03
7.32000000e+00   2.20589830e-03
7.33000000e+00   2.16454277e-03
7.34000000e+00   2.12389978e-03
7.35000000e+00   2.08395833e-03
7.36000000e+00   2.04470758e-03
7.37000000e+00   2.00613683e-03
7.38000000e+00   1.96823552e-03
7.39000000e+00   1.93099323e-03
7.40000000e+00   1.89439968e-03
7.41000000e+00   1.85844473e-03
7.42000000e+00   1.82311837e-03
7.43000000e+00   1.78841072e-03
7.44000000e+00   1.75431204e-03
7.45000000e+00   1.72081273e-03
7.46000000e+00   1.68790330e-03
7.47000000e+00   1.65557441e-03
7.48000000e+00   1.62381683e-03
7.49000000e+00   1.59262146e-03
7.50000000e+00   1.56197935e-03
7.51000000e+00   1.53188162e-03
7.52000000e+00   1.50231958e-03
7.53000000e+00   1.47328459e-03
7.54000000e+00   1.44476819e-03
7.55000000e+00   1.41676201e-03
7.56000000e+00   1.38925779e-03
7.57000000e+00   1.36224741e-03
7.58000000e+00   1.33572283e-03
7.59000000e+00   1.30967617e-03
7.60000000e+00   1.28409961e-03
7.61000000e+00   1.25898548e-03
7.62000000e+00   1.23432621e-03
7.63000000e+00   1.21011431e-03
7.64000000e+00   1.18634245e-03
7.65000000e+00   1.16300336e-03
7.66000000e+00   1.14008989e-03
7.67000000e+00   1.11759500e-03
7.68000000e+00   1.09551175e-03
7.69000000e+00   1.07383328e-03
7.70000000e+00   1.05255286e-03
7.71000000e+00   1.03166384e-03
7.72000000e+00   1.01115967e-03
7.73000000e+00   9.91033903e-04
7.74000000e+00   9.71280182e-04
7.75000000e+00   9.51892243e-04
7.76000000e+00   9.32863917e-04
7.77000000e+00   9.14189125e-04
7.78000000e+00   8.95861878e-04
7.79000000e+00   8.77876280e-04
7.80000000e+00   8.60226519e-04
7.81000000e+00   8.42906872e-04
7.82000000e+00   8.25911703e-04
7.83000000e+00   8.09235461e-04
7.84000000e+00   7.92872677e-04
7.85000000e+00   7.76817966e-04
7.86000000e+00   7.61066026e-04
7.87000000e+00   7.45611636e-04
7.88000000e+00   7.30449652e-04
7.89000000e+00   7.15575012e-04
7.90000000e+00   7.00982730e-04
7.91000000e+00   6.86667898e-04
7.92000000e+00   6.72625682e-04
7.93000000e+00   6.58851326e-04
7.94000000e+00   6.45340144e-04
7.95000000e+00   6.32087527e-04
7.96000000e+00   6.19088935e-04
7.97000000e+00   6.06339899e-04
7.98000000e+00   5.93836022e-04
7.99000000e+00   5.81572975e-04
8.00000000e+00   5.69546498e-04
8.01000000e+00   5.57752397e-04
8.02000000e+00   5.46186545e-04
8.03000000e+00   5.34844882e-04
8.04000000e+00   5.23723410e-04
8.05000000e+00   5.12818197e-04
8.06000000e+00   5.02125374e-04
8.07000000e+00   4.91641131e-04
8.08000000e+00   4.81361724e-04
8.09000000e+00   4.71283464e-04
8.10000000e+00   4.61402727e-04
8.11000000e+00   4.51715944e-04
8.12000000e+00   4.42219604e-04
8.13000000e+00   4.32910256e-04
8.14000000e+00   4.23784502e-04
8.15000000e+00   4.14839001e-04
8.16000000e+00   4.06070468e-04
8.17000000e+00   3.97475669e-04
8.18000000e+00   3.89051425e-04
8.19000000e+00   3.80794611e-04
8.20000000e+00   3.72702150e-04
8.21000000e+00   3.64771020e-04
8.22000000e+00   3.56998245e-04
8.23000000e+00   3.49380903e-04
8.24000000e+00   3.41916116e-04
8.25000000e+00   3.34601059e-04
8.26000000e+00   3.27432951e-04
8.27000000e+00   3.20409059e-04
8.28000000e+00   3.13526696e-04
8.29000000e+00   3.06783220e-04
8.30000000e+00   3.00176033e-04
8.31000000e+00   2.93702583e-04
8.32000000e+00   2.87360360e-04
8.33000000e+00   2.81146897e-04
8.34000000e+00   2.75059769e-04
8.35000000e+00   2.69096593e-04
8.36000000e+00   2.63255025e-04
8.37000000e+00   2.57532764e-04
8.38000000e+00   2.51927547e-04
8.39000000e+00   2.46437151e-04
8.40000000e+00   2.41059390e-04
8.41000000e+00   2.35792116e-04
8.42000000e+00   2.30633220e-04
8.43000000e+00   2.25580629e-04
8.44000000e+00   2.20632305e-04
8.45000000e+00   2.15786246e-04
8.46000000e+00   2.11040487e-04
8.47000000e+00   2.06393095e-04
8.48000000e+00   2.01842172e-04
8.49000000e+00   1.97385854e-04
8.50000000e+00   1.93022308e-04
8.51000000e+00   1.88749736e-04
8.52000000e+00   1.84566371e-04
8.53000000e+00   1.80470475e-04
8.54000000e+00   1.76460346e-04
8.55000000e+00   1.72534307e-04
8.56000000e+00   1.68690714e-04
8.57000000e+00   1.64927952e-04
8.58000000e+00   1.61244435e-04
8.59000000e+00   1.57638604e-04
8.60000000e+00   1.54108932e-04
8.61000000e+00   1.50653915e-04
8.62000000e+00   1.47272079e-04
8.63000000e+00   1.43961976e-04
8.64000000e+00   1.40722183e-04
8.65000000e+00   1.37551307e-04
8.66000000e+00   1.34447975e-04
8.67000000e+00   1.31410842e-04
8.68000000e+00   1.28438589e-04
8.69000000e+00   1.25529918e-04
8.70000000e+00   1.22683557e-04
8.71000000e+00   1.19898257e-04
8.72000000e+00   1.17172792e-04
8.73000000e+00   1.14505958e-04
8.74000000e+00   1.11896574e-04
8.75000000e+00   1.09343482e-04
8.76000000e+00   1.06845542e-04
8.77000000e+00   1.04401640e-04
8.78000000e+00   1.02010679e-04
8.79000000e+00   9.96715851e-05
8.80000000e+00   9.73833022e-05
8.81000000e+00   9.51447958e-05
8.82000000e+00   9.29550502e-05
8.83000000e+00   9.08130690e-05
8.84000000e+00   8.87178744e-05
8.85000000e+00   8.66685074e-05
8.86000000e+00   8.46640271e-05
8.87000000e+00   8.27035102e-05
8.88000000e+00   8.07860514e-05
8.89000000e+00   7.89107624e-05
8.90000000e+00   7.70767718e-05
8.91000000e+00   7.52832251e-05
8.92000000e+00   7.35292841e-05
8.93000000e+00   7.18141267e-05
8.94000000e+00   7.01369465e-05
8.95000000e+00   6.84969527e-05
8.96000000e+00   6.68933700e-05
8.97000000e+00   6.53254378e-05
8.98000000e+00   6.37924104e-05
8.99000000e+00   6.22935565e-05
9.00000000e+00   6.08281591e-05
9.01000000e+00   5.93955151e-05
9.02000000e+00   5.79949353e-05
9.03000000e+00   5.66257437e-05
9.04000000e+00   5.52872778e-05
9.05000000e+00   5.39788879e-05
9.06000000e+00   5.26999372e-05
9.07000000e+00   5.14498016e-05
9.08000000e+00   5.02278689e-05
9.09000000e+00   4.90335393e-05
9.10000000e+00   4.78662250e-05
9.11000000e+00   4.67253494e-05
9.12000000e+00   4.56103478e-05
9.13000000e+00   4.45206666e-05
9.14000000e+00   4.34557631e-05
9.15000000e+00   4.24151057e-05
9.16000000e+00   4.13981731e-05
9.17000000e+00   4.04044549e-05
9.18000000e+00   3.94334505e-05
9.19000000e+00   3.84846697e-05
9.20000000e+00   3.75576320e-05
9.21000000e+00   3.66518666e-05
9.22000000e+00   3.57669123e-05
9.23000000e+00   3.49023172e-05
9.24000000e+00   3.40576386e-05
9.25000000e+00   3.32324428e-05
9.26000000e+00   3.24263048e-05
9.27000000e+00   3.16388084e-05
9.28000000e+00   3.08695458e-05
9.29000000e+00   3.01181178e-05
9.30000000e+00   2.93841330e-05
9.31000000e+00   2.86672084e-05
9.32000000e+00   2.79669685e-05
9.33000000e+00   2.72830459e-05
9.34000000e+00   2.66150805e-05
9.35000000e+00   2.59627198e-05
9.36000000e+00   2.53256185e-05
9.37000000e+00   2.47034387e-05
9.38000000e+00   2.40958491e-05
9.39000000e+00   2.35025256e-05
9.40000000e+00   2.29231509e-05
9.41000000e+00   2.23574140e-05
9.42000000e+00   2.18050107e-05
9.43000000e+00   2.12656430e-05
9.44000000e+00   2.07390193e-05
9.45000000e+00   2.02248539e-05
9.46000000e+00   1.97228674e-05
9.47000000e+00   1.92327861e-05
9.48000000e+00   1.87543421e-05
9.49000000e+00   1.82872732e-05
9.50000000e+00   1.78313227e-05
9.51000000e+00   1.73862393e-05
9.52000000e+00   1.69517772e-05
9.53000000e+00   1.65276958e-05
9.54000000e+00   1.61137595e-05
9.55000000e+00   1.57097378e-05
9.56000000e+00   1.53154050e-05
9.57000000e+00   1.49305406e-05
9.58000000e+00   1.45549285e-05
9.59000000e+00   1.41883572e-05
9.60000000e+00   1.38306200e-05
9.61000000e+00   1.34815145e-05
9.62000000e+00   1.31408427e-05
9.63000000e+00   1.28084109e-05
9.64000000e+00   1.24840295e-05
9.65000000e+00   1.21675131e-05
9.66000000e+00   1.18586804e-05
9.67000000e+00   1.15573538e-05
9.68000000e+00   1.12633599e-05
9.69000000e+00   1.09765287e-05
9.70000000e+00   1.06966942e-05
9.71000000e+00   1.04236940e-05
9.72000000e+00   1.01573691e-05
9.73000000e+00   9.89756414e-06
9.74000000e+00   9.64412714e-06
9.75000000e+00   9.39690943e-06
9.76000000e+00   9.15576564e-06
9.77000000e+00   8.92055362e-06
9.78000000e+00   8.69113435e-06
9.79000000e+00   8.46737188e-06
9.80000000e+00   8.24913330e-06
9.81000000e+00   8.03628863e-06
9.82000000e+00   7.82871079e-06
9.83000000e+00   7.62627553e-06
9.84000000e+00   7.42886138e-06
9.85000000e+00   7.23634958e-06
9.86000000e+00   7.04862401e-06
9.87000000e+00   6.86557117e-06
9.88000000e+00   6.68708012e-06
9.89000000e+00   6.51304238e-06
9.90000000e+00   6.34335194e-06
9.91000000e+00   6.17790516e-06
9.92000000e+00   6.01660076e-06
9.93000000e+00   5.85933974e-06
9.94000000e+00   5.70602533e-06
9.95000000e+00   5.55656297e-06
9.96000000e+00   5.41086024e-06
9.97000000e+00   5.26882682e-06
9.98000000e+00   5.13037446e-06
9.99000000e+00   4.99541691e-06
1.00000000e+01   4.86386988e-06
1.00100000e+01   4.73565104e-06
1.00200000e+01   4.61067991e-06
1.00300000e+01   4.48887788e-06
1.00400000e+01   4.37016814e-06
1.00500000e+01   4.25447563e-06
1.00600000e+01   4.14172705e-06
1.00700000e+01   4.03185077e-06
1.00800000e+01   3.92477682e-06
1.00900000e+01   3.82043684e-06
1.01000000e+01   3.71876406e-06
1.01100000e+01   3.61969327e-06
1.01200000e+01   3.52316077e-06
1.01300000e+01   3.42910432e-06
1.01400000e+01   3.33746315e-06
1.01500000e+01   3.24817791e-06
1.01600000e+01   3.16119063e-06
1.01700000e+01   3.07644470e-06
1.01800000e+01   2.99388483e-06
1.01900000e+01   2.91345703e-06
1.02000000e+01   2.83510857e-06
1.02100000e+01   2.75878798e-06
1.02200000e+01   2.68444500e-06
1.02300000e+01   2.61203052e-06
1.02400000e+01   2.54149664e-06
1.02500000e+01   2.47279656e-06
1.02600000e+01   2.40588460e-06
1.02700000e+01   2.34071616e-06
1.02800000e+01   2.27724770e-06
1.02900000e+01   2.21543672e-06
1.03000000e+01   2.15524173e-06
1.03100000e+01   2.09662223e-06
1.03200000e+01   2.03953867e-06
1.03300000e+01   1.98395248e-06
1.03400000e+01   1.92982598e-06
1.03500000e+01   1.87712242e-06
1.03600000e+01   1.82580590e-06
1.03700000e+01   1.77584143e-06
1.03800000e+01   1.72719482e-06
1.03900000e+01   1.67983271e-06
1.04000000e+01   1.63372258e-06
1.04100000e+01   1.58883265e-06
1.04200000e+01   1.54513193e-06
1.04300000e+01   1.50259020e-06
1.04400000e+01   1.46117793e-06
1.04500000e+01   1.42086635e-06
1.04600000e+01   1.38162736e-06
1.04700000e+01   1.34343357e-06
1.04800000e+01   1.30625822e-06
1.04900000e+01   1.27007525e-06
1.05000000e+01   1.23485921e-06
1.05100000e+01   1.20058528e-06
1.05200000e+01   1.16722924e-06
1.05300000e+01   1.13476748e-06
1.05400000e+01   1.10317695e-06
1.05500000e+01   1.07243520e-06
1.05600000e+01   1.04252029e-06
1.05700000e+01   1.01341086e-06
1.05800000e+01   9.85086060e-07
1.05900000e+01   9.57525557e-07
1.06000000e+01   9.30709522e-07
1.06100000e+01   9.04618622e-07
1.06200000e+01   8.79234000e-07
1.06300000e+01   8.54537270e-07
1.06400000e+01   8.30510503e-07
1.06500000e+01   8.07136217e-07
1.06600000e+01   7.84397369e-07
1.06700000e+01   7.62277338e-07
1.06800000e+01   7.40759922e-07
1.06900000e+01   7.19829325e-07
1.07000000e+01   6.99470145e-07
1.07100000e+01   6.79667369e-07
1.07200000e+01   6.60406363e-07
1.07300000e+01   6.41672858e-07
1.07400000e+01   6.23452947e-07
1.07500000e+01   6.05733075e-07
1.07600000e+01   5.88500029e-07
1.07700000e+01   5.71740929e-07
1.07800000e+01   5.55443224e-07
1.07900000e+01   5.39594679e-07
1.08000000e+01   5.24183373e-07
1.08100000e+01   5.09197686e-07
1.08200000e+01   4.94626293e-07
1.08300000e+01   4.80458162e-07
1.08400000e+01   4.66682538e-07
1.08500000e+01   4.53288945e-07
1.08600000e+01   4.40267172e-07
1.08700000e+01   4.27607272e-07
1.08800000e+01   4.15299552e-07
1.08900000e+01   4.03334569e-07
1.09000000e+01   3.91703122e-07
1.09100000e+01   3.80396247e-07
1.09200000e+01   3.69405212e-07
1.09300000e+01   3.58721511e-07
1.09400000e+01   3.48336856e-07
1.09500000e+01   3.38243174e-07
1.09600000e+01   3.28432604e-07
1.09700000e+01   3.18897484e-07
1.09800000e+01   3.09630355e-07
1.09900000e+01   3.00623952e-07
1.10000000e+01   2.91871196e-07
1.10100000e+01   2.83365195e-07
1.10200000e+01   2.75099237e-07
1.10300000e+01   2.67066785e-07
1.10400000e+01   2.59261473e-07
1.10500000e+01   2.51677100e-07
1.10600000e+01   2.44307632e-07
1.10700000e+01   2.37147189e-07
1.10800000e+01   2.30190048e-07
1.10900000e+01   2.23430636e-07
1.11000000e+01   2.16863527e-07
1.11100000e+01   2.10483438e-07
1.11200000e+01   2.04285225e-07
1.11300000e+01   1.98263882e-07
1.11400000e+01   1.92414534e-07
1.11500000e+01   1.86732435e-07
1.11600000e+01   1.81212966e-07
1.11700000e+01   1.75851629e-07
1.11800000e+01   1.70644049e-07
1.11900000e+01   1.65585963e-07
1.12000000e+01   1.60673226e-07
1.12100000e+01   1.55901801e-07
1.12200000e+01   1.51267760e-07
1.12300000e+01   1.46767279e-07
1.12400000e+01   1.42396638e-07
1.12500000e+01   1.38152215e-07
1.12600000e+01   1.34030488e-07
1.12700000e+01   1.30028026e-07
1.12800000e+01   1.26141494e-07
1.12900000e+01   1.22367644e-07
1.13000000e+01   1.18703317e-07
1.13100000e+01   1.15145440e-07
1.13200000e+01   1.11691021e-07
1.13300000e+01   1.08337150e-07
1.13400000e+01   1.05080998e-07
1.13500000e+01   1.01919808e-07
1.13600000e+01   9.88509033e-08
1.13700000e+01   9.58716759e-08
1.13800000e+01   9.29795906e-08
1.13900000e+01   9.01721811e-08
1.14000000e+01   8.74470482e-08
1.14100000e+01   8.48018584e-08
1.14200000e+01   8.22343419e-08
1.14300000e+01   7.97422911e-08
1.14400000e+01   7.73235589e-08
1.14500000e+01   7.49760571e-08
1.14600000e+01   7.26977550e-08
1.14700000e+01   7.04866775e-08
1.14800000e+01   6.83409041e-08
1.14900000e+01   6.62585672e-08
1.15000000e+01   6.42378507e-08
1.15100000e+01   6.22769886e-08
1.15200000e+01   6.03742638e-08
1.15300000e+01   5.85280069e-08
1.15400000e+01   5.67365945e-08
1.15500000e+01   5.49984484e-08
1.15600000e+01   5.33120343e-08
1.15700000e+01   5.16758605e-08
1.15800000e+01   5.00884767e-08
1.15900000e+01   4.85484733e-08
1.16000000e+01   4.70544798e-08
1.16100000e+01   4.56051642e-08
1.16200000e+01   4.41992314e-08
1.16300000e+01   4.28354229e-08
1.16400000e+01   4.15125154e-08
1.16500000e+01   4.02293198e-08
1.16600000e+01   3.89846804e-08
1.16700000e+01   3.77774743e-08
1.16800000e+01   3.66066097e-08
1.16900000e+01   3.54710260e-08
1.17000000e+01   3.43696923e-08
1.17100000e+01   3.33016069e-08
1.17200000e+01   3.22657964e-08
1.17300000e+01   3.12613149e-08
1.17400000e+01   3.02872434e-08
1.17500000e+01   2.93426889e-08
1.17600000e+01   2.84267837e-08
1.17700000e+01   2.75386849e-08
1.17800000e+01   2.66775735e-08
1.17900000e+01   2.58426538e-08
1.18000000e+01   2.50331529e-08
1.18100000e+01   2.42483199e-08
1.18200000e+01   2.34874252e-08
1.18300000e+01   2.27497604e-08
1.18400000e+01   2.20346372e-08
1.18500000e+01   2.13413869e-08
1.18600000e+01   2.06693603e-08
1.18700000e+01   2.00179267e-08
1.18800000e+01   1.93864734e-08
1.18900000e+01   1.87744055e-08
1.19000000e+01   1.81811453e-08
1.19100000e+01   1.76061316e-08
1.19200000e+01   1.70488195e-08
1.19300000e+01   1.65086799e-08
1.19400000e+01   1.59851990e-08
1.19500000e+01   1.54778777e-08
1.19600000e+01   1.49862316e-08
1.19700000e+01   1.45097902e-08
1.19800000e+01   1.40480970e-08
1.19900000e+01   1.36007083e-08
1.20000000e+01   1.31671936e-08
1.20100000e+01   1.27471350e-08
1.20200000e+01   1.23401267e-08
1.20300000e+01   1.19457747e-08
1.20400000e+01   1.15636967e-08
1.20500000e+01   1.11935214e-08
1.20600000e+01   1.08348885e-08
1.20700000e+01   1.04874483e-08
1.20800000e+01   1.01508611e-08
1.20900000e+01   9.82479762e-09
1.21000000e+01   9.50893794e-09
1.21100000e+01   9.20297169e-09
1.21200000e+01   8.90659762e-09
1.21300000e+01   8.61952339e-09
1.21400000e+01   8.34146530e-09
1.21500000e+01   8.07214803e-09
1.21600000e+01   7.81130441e-09
1.21700000e+01   7.55867520e-09
1.21800000e+01   7.31400886e-09
1.21900000e+01   7.07706129e-09
1.22000000e+01   6.84759568e-09
1.22100000e+01   6.62538224e-09
1.22200000e+01   6.41019805e-09
1.22300000e+01   6.20182682e-09
1.22400000e+01   6.00005873e-09
1.22500000e+01   5.80469022e-09
1.22600000e+01   5.61552383e-09
1.22700000e+01   5.43236800e-09
1.22800000e+01   5.25503691e-09
1.22900000e+01   5.08335033e-09
1.23000000e+01   4.91713343e-09
1.23100000e+01   4.75621665e-09
1.23200000e+01   4.60043551e-09
1.23300000e+01   4.44963050e-09
1.23400000e+01   4.30364693e-09
1.23500000e+01   4.16233475e-09
1.23600000e+01   4.02554847e-09
1.23700000e+01   3.89314698e-09
1.23800000e+01   3.76499347e-09
1.23900000e+01   3.64095524e-09
1.24000000e+01   3.52090364e-09
1.24100000e+01   3.40471392e-09
1.24200000e+01   3.29226512e-09
1.24300000e+01   3.18343996e-09
1.24400000e+01   3.07812473e-09
1.24500000e+01   2.97620920e-09
1.24600000e+01   2.87758648e-09
1.24700000e+01   2.78215296e-09
1.24800000e+01   2.68980821e-09
1.24900000e+01   2.60045483e-09
1.25000000e+01   2.51399846e-09
1.25100000e+01   2.43034759e-09
1.25200000e+01   2.34941354e-09
1.25300000e+01   2.27111035e-09
1.25400000e+01   2.19535470e-09
1.25500000e+01   2.12206583e-09
1.25600000e+01   2.05116550e-09
1.25700000e+01   1.98257783e-09
1.25800000e+01   1.91622934e-09
1.25900000e+01   1.85204877e-09
1.26000000e+01   1.78996710e-09
1.26100000e+01   1.72991743e-09
1.26200000e+01   1.67183493e-09
1.26300000e+01   1.61565681e-09
1.26400000e+01   1.56132219e-09
1.26500000e+01   1.50877210e-09
1.26600000e+01   1.45794942e-09
1.26700000e+01   1.40879879e-09
1.26800000e+01   1.36126657e-09
1.26900000e+01   1.31530082e-09
1.27000000e+01   1.27085119e-09
1.27100000e+01   1.22786893e-09
1.27200000e+01   1.18630681e-09
1.27300000e+01   1.14611906e-09
1.27400000e+01   1.10726137e-09
1.27500000e+01   1.06969081e-09
1.27600000e+01   1.03336580e-09
1.27700000e+01   9.98246063e-10
1.27800000e+01   9.64292594e-10
1.27900000e+01   9.31467616e-10
1.28000000e+01   8.99734541e-10
1.28100000e+01   8.69057939e-10
1.28200000e+01   8.39403497e-10
1.28300000e+01   8.10737987e-10
1.28400000e+01   7.83029234e-10
1.28500000e+01   7.56246081e-10
1.28600000e+01   7.30358359e-10
1.28700000e+01   7.05336857e-10
1.28800000e+01   6.81153292e-10
1.28900000e+01   6.57780280e-10
1.29000000e+01   6.35191309e-10
1.29100000e+01   6.13360711e-10
1.29200000e+01   5.92263637e-10
1.29300000e+01   5.71876031e-10
1.29400000e+01   5.52174605e-10
1.29500000e+01   5.33136817e-10
1.29600000e+01   5.14740845e-10
1.29700000e+01   4.96965566e-10
1.29800000e+01   4.79790536e-10
1.29900000e+01   4.63195965e-10
1.30000000e+01   4.47162701e-10
1.30100000e+01   4.31672205e-10
1.30200000e+01   4.16706538e-10
1.30300000e+01   4.02248337e-10
1.30400000e+01   3.88280798e-10
1.30500000e+01   3.74787660e-10
1.30600000e+01   3.61753189e-10
1.30700000e+01   3.49162158e-10
1.30800000e+01   3.36999832e-10
1.30900000e+01   3.25251955e-10
1.31000000e+01   3.13904732e-10
1.31100000e+01   3.02944817e-10
1.31200000e+01   2.92359297e-10
1.31300000e+01   2.82135677e-10
1.31400000e+01   2.72261870e-10
1.31500000e+01   2.62726184e-10
1.31600000e+01   2.53517306e-10
1.31700000e+01   2.44624293e-10
1.31800000e+01   2.36036559e-10
1.31900000e+01   2.27743864e-10
1.32000000e+01   2.19736304e-10
1.32100000e+01   2.12004299e-10
1.32200000e+01   2.04538581e-10
1.32300000e+01   1.97330190e-10
1.32400000e+01   1.90370455e-10
1.32500000e+01   1.83650995e-10
1.32600000e+01   1.77163701e-10
1.32700000e+01   1.70900733e-10
1.32800000e+01   1.64854509e-10
1.32900000e+01   1.59017697e-10
1.33000000e+01   1.53383206e-10
1.33100000e+01   1.47944181e-10
1.33200000e+01   1.42693992e-10
1.33300000e+01   1.37626230e-10
1.33400000e+01   1.32734698e-10
1.33500000e+01   1.28013403e-10
1.33600000e+01   1.23456552e-10
1.33700000e+01   1.19058546e-10
1.33800000e+01   1.14813969e-10
1.33900000e+01   1.10717587e-10
1.34000000e+01   1.06764341e-10
1.34100000e+01   1.02949339e-10
1.34200000e+01   9.92678526e-11
1.34300000e+01   9.57153126e-11
1.34400000e+01   9.22873012e-11
1.34500000e+01   8.89795487e-11
1.34600000e+01   8.57879286e-11
1.34700000e+01   8.27084523e-11
1.34800000e+01   7.97372653e-11
1.34900000e+01   7.68706424e-11
1.35000000e+01   7.41049835e-11
1.35100000e+01   7.14368097e-11
1.35200000e+01   6.88627590e-11
1.35300000e+01   6.63795828e-11
1.35400000e+01   6.39841420e-11
1.35500000e+01   6.16734035e-11
1.35600000e+01   5.94444365e-11
1.35700000e+01   5.72944093e-11
1.35800000e+01   5.52205860e-11
1.35900000e+01   5.32203236e-11
1.36000000e+01   5.12910684e-11
1.36100000e+01   4.94303533e-11
1.36200000e+01   4.76357951e-11
1.36300000e+01   4.59050916e-11
1.36400000e+01   4.42360189e-11
1.36500000e+01   4.26264285e-11
1.36600000e+01   4.10742456e-11
1.36700000e+01   3.95774657e-11
1.36800000e+01   3.81341529e-11
1.36900000e+01   3.67424375e-11
1.37000000e+01   3.54005136e-11
1.37100000e+01   3.41066370e-11
1.37200000e+01   3.28591235e-11
1.37300000e+01   3.16563464e-11
1.37400000e+01   3.04967348e-11
1.37500000e+01   2.93787718e-11
1.37600000e+01   2.83009927e-11
1.37700000e+01   2.72619830e-11
1.37800000e+01   2.62603770e-11
1.37900000e+01   2.52948560e-11
1.38000000e+01   2.43641469e-11
1.38100000e+01   2.34670202e-11
1.38200000e+01   2.26022892e-11
1.38300000e+01   2.17688080e-11
1.38400000e+01   2.09654705e-11
1.38500000e+01   2.01912089e-11
1.38600000e+01   1.94449922e-11
1.38700000e+01   1.87258253e-11
1.38800000e+01   1.80327477e-11
1.38900000e+01   1.73648322e-11
1.39000000e+01   1.67211837e-11
1.39100000e+01   1.61009384e-11
1.39200000e+01   1.55032627e-11
1.39300000e+01   1.49273519e-11
1.39400000e+01   1.43724293e-11
1.39500000e+01   1.38377454e-11
1.39600000e+01   1.33225769e-11
1.39700000e+01   1.28262259e-11
1.39800000e+01   1.23480188e-11
1.39900000e+01   1.18873055e-11
1.40000000e+01   1.14434589e-11
1.40100000e+01   1.10158739e-11
1.40200000e+01   1.06039664e-11
1.40300000e+01   1.02071731e-11
1.40400000e+01   9.82495035e-12
1.40500000e+01   9.45677375e-12
1.40600000e+01   9.10213732e-12
1.40700000e+01   8.76055293e-12
1.40800000e+01   8.43154967e-12
1.40900000e+01   8.11467327e-12
1.41000000e+01   7.80948552e-12
1.41100000e+01   7.51556372e-12
1.41200000e+01   7.23250014e-12
1.41300000e+01   6.95990147e-12
1.41400000e+01   6.69738838e-12
1.41500000e+01   6.44459500e-12
1.41600000e+01   6.20116844e-12
1.41700000e+01   5.96676838e-12
1.41800000e+01   5.74106659e-12
1.41900000e+01   5.52374654e-12
1.42000000e+01   5.31450298e-12
1.42100000e+01   5.11304155e-12
1.42200000e+01   4.91907839e-12
1.42300000e+01   4.73233978e-12
1.42400000e+01   4.55256181e-12
1.42500000e+01   4.37948999e-12
1.42600000e+01   4.21287895e-12
1.42700000e+01   4.05249213e-12
1.42800000e+01   3.89810143e-12
1.42900000e+01   3.74948696e-12
1.43000000e+01   3.60643672e-12
1.43100000e+01   3.46874634e-12
1.43200000e+01   3.33621881e-12
1.43300000e+01   3.20866419e-12
1.43400000e+01   3.08589943e-12
1.43500000e+01   2.96774804e-12
1.43600000e+01   2.85403992e-12
1.43700000e+01   2.74461113e-12
1.43800000e+01   2.63930363e-12
1.43900000e+01   2.53796513e-12
1.44000000e+01   2.44044883e-12
1.44100000e+01   2.34661327e-12
1.44200000e+01   2.25632211e-12
1.44300000e+01   2.16944395e-12
1.44400000e+01   2.08585221e-12
1.44500000e+01   2.00542485e-12
1.44600000e+01   1.92804432e-12
1.44700000e+01   1.85359734e-12
1.44800000e+01   1.78197473e-12
1.44900000e+01   1.71307134e-12
1.45000000e+01   1.64678583e-12
1.45100000e+01   1.58302056e-12
1.45200000e+01   1.52168147e-12
1.45300000e+01   1.46267794e-12
1.45400000e+01   1.40592268e-12
1.45500000e+01   1.35133158e-12
1.45600000e+01   1.29882363e-12
1.45700000e+01   1.24832078e-12
1.45800000e+01   1.19974786e-12
1.45900000e+01   1.15303246e-12
1.46000000e+01   1.10810483e-12
1.46100000e+01   1.06489779e-12
1.46200000e+01   1.02334665e-12
1.46300000e+01   9.83389094e-13
1.46400000e+01   9.44965096e-13
1.46500000e+01   9.08016864e-13
1.46600000e+01   8.72488737e-13
1.46700000e+01   8.38327111e-13
1.46800000e+01   8.05480371e-13
1.46900000e+01   7.73898811e-13
1.47000000e+01   7.43534571e-13
1.47100000e+01   7.14341566e-13
1.47200000e+01   6.86275422e-13
1.47300000e+01   6.59293416e-13
1.47400000e+01   6.33354415e-13
1.47500000e+01   6.08418813e-13
1.47600000e+01   5.84448486e-13
1.47700000e+01   5.61406725e-13
1.47800000e+01   5.39258196e-13
1.47900000e+01   5.17968882e-13
1.48000000e+01   4.97506037e-13
1.48100000e+01   4.77838141e-13
1.48200000e+01   4.58934854e-13
1.48300000e+01   4.40766970e-13
1.48400000e+01   4.23306381e-13
1.48500000e+01   4.06526032e-13
1.48600000e+01   3.90399883e-13
1.48700000e+01   3.74902875e-13
1.48800000e+01   3.60010888e-13
1.48900000e+01   3.45700711e-13
1.49000000e+01   3.31950009e-13
1.49100000e+01   3.18737287e-13
1.49200000e+01   3.06041859e-13
1.49300000e+01   2.93843823e-13
1.49400000e+01   2.82124028e-13
1.49500000e+01   2.70864046e-13
1.49600000e+01   2.60046146e-13
1.49700000e+01   2.49653269e-13
1.49800000e+01   2.39669003e-13
1.49900000e+01   2.30077557e-13
1.50000000e+01   2.20863739e-13
