0.00000000e+00   0.00000000e+00
1.00000000e-02   3.53954733e-03
2.00000000e-02   7.07880052e-03
3.00000000e-02   1.06174655e-02
4.00000000e-02   1.41552482e-02
5.00000000e-02   1.76918547e-02
6.00000000e-02   2.12269914e-02
7.00000000e-02   2.47603646e-02
8.00000000e-02   2.82916812e-02
9.00000000e-02   3.18206481e-02
1.00000000e-01   3.53469726e-02
1.10000000e-01   3.88703624e-02
1.20000000e-01   4.23905257e-02
1.30000000e-01   4.59071709e-02
1.40000000e-01   4.94200071e-02
1.50000000e-01   5.29287439e-02
1.60000000e-01   5.64330913e-02
1.70000000e-01   5.99327602e-02
1.80000000e-01   6.34274618e-02
1.90000000e-01   6.69169083e-02
2.00000000e-01   7.04008124e-02
2.10000000e-01   7.38788877e-02
2.20000000e-01   7.73508486e-02
2.30000000e-01   8.08164102e-02
2.40000000e-01   8.42752887e-02
2.50000000e-01   8.77272010e-02
2.60000000e-01   9.11718651e-02
2.70000000e-01   9.46090000e-02
2.80000000e-01   9.80383256e-02
2.90000000e-01   1.01459563e-01
3.00000000e-01   1.04872435e-01
3.10000000e-01   1.08276664e-01
3.20000000e-01   1.11671974e-01
3.30000000e-01   1.15058093e-01
3.40000000e-01   1.18434746e-01
3.50000000e-01   1.21801662e-01
3.60000000e-01   1.25158570e-01
3.70000000e-01   1.28505202e-01
3.80000000e-01   1.31841291e-01
3.90000000e-01   1.35166569e-01
4.00000000e-01   1.38480772e-01
4.10000000e-01   1.41783637e-01
4.20000000e-01   1.45074903e-01
4.30000000e-01   1.48354309e-01
4.40000000e-01   1.51621597e-01
4.50000000e-01   1.54876511e-01
4.60000000e-01   1.58118794e-01
4.70000000e-01   1.61348195e-01
4.80000000e-01   1.64564460e-01
4.90000000e-01   1.67767341e-01
5.00000000e-01   1.70956590e-01
5.10000000e-01   1.74131959e-01
5.20000000e-01   1.77293206e-01
5.30000000e-01   1.80440087e-01
5.40000000e-01   1.83572362e-01
5.50000000e-01   1.86689792e-01
5.60000000e-01   1.89792142e-01
5.70000000e-01   1.92879176e-01
5.80000000e-01   1.95950663e-01
5.90000000e-01   1.99006372e-01
6.00000000e-01   2.02046074e-01
6.10000000e-01   2.05069545e-01
6.20000000e-01   2.08076559e-01
6.30000000e-01   2.11066895e-01
6.40000000e-01   2.14040335e-01
6.50000000e-01   2.16996660e-01
6.60000000e-01   2.19935655e-01
6.70000000e-01   2.22857109e-01
6.80000000e-01   2.25760811e-01
6.90000000e-01   2.28646552e-01
7.00000000e-01   2.31514128e-01
7.10000000e-01   2.34363336e-01
7.20000000e-01   2.37193974e-01
7.30000000e-01   2.40005844e-01
7.40000000e-01   2.42798751e-01
7.50000000e-01   2.45572501e-01
7.60000000e-01   2.48326903e-01
7.70000000e-01   2.51061770e-01
7.80000000e-01   2.53776915e-01
7.90000000e-01   2.56472156e-01
8.00000000e-01   2.59147312e-01
8.10000000e-01   2.61802205e-01
8.20000000e-01   2.64436659e-01
8.30000000e-01   2.67050503e-01
8.40000000e-01   2.69643566e-01
8.50000000e-01   2.72215682e-01
8.60000000e-01   2.74766685e-01
8.70000000e-01   2.77296414e-01
8.80000000e-01   2.79804709e-01
8.90000000e-01   2.82291415e-01
9.00000000e-01   2.84756378e-01
9.10000000e-01   2.87199447e-01
9.20000000e-01   2.89620474e-01
9.30000000e-01   2.92019314e-01
9.40000000e-01   2.94395825e-01
9.50000000e-01   2.96749868e-01
9.60000000e-01   2.99081304e-01
9.70000000e-01   3.01390002e-01
9.80000000e-01   3.03675830e-01
9.90000000e-01   3.05938660e-01
1.00000000e+00   3.08178366e-01
1.01000000e+00   3.10394827e-01
1.02000000e+00   3.12587924e-01
1.03000000e+00   3.14757539e-01
1.04000000e+00   3.16903560e-01
1.05000000e+00   3.19025876e-01
1.06000000e+00   3.21124379e-01
1.07000000e+00   3.23198965e-01
1.08000000e+00   3.25249531e-01
1.09000000e+00   3.27275980e-01
1.10000000e+00   3.29278216e-01
1.11000000e+00   3.31256145e-01
1.12000000e+00   3.33209678e-01
1.13000000e+00   3.35138728e-01
1.14000000e+00   3.37043211e-01
1.15000000e+00   3.38923046e-01
1.16000000e+00   3.40778156e-01
1.17000000e+00   3.42608465e-01
1.18000000e+00   3.44413901e-01
1.19000000e+00   3.46194396e-01
1.20000000e+00   3.47949883e-01
1.21000000e+00   3.49680300e-01
1.22000000e+00   3.51385586e-01
1.23000000e+00   3.53065685e-01
1.24000000e+00   3.54720541e-01
1.25000000e+00   3.56350106e-01
1.26000000e+00   3.57954329e-01
1.27000000e+00   3.59533167e-01
1.28000000e+00   3.61086576e-01
1.29000000e+00   3.62614518e-01
1.30000000e+00   3.64116956e-01
1.31000000e+00   3.65593858e-01
1.32000000e+00   3.67045192e-01
1.33000000e+00   3.68470931e-01
1.34000000e+00   3.69871051e-01
1.35000000e+00   3.71245531e-01
1.36000000e+00   3.72594351e-01
1.37000000e+00   3.73917495e-01
1.38000000e+00   3.75214952e-01
1.39000000e+00   3.76486711e-01
1.40000000e+00   3.77732765e-01
1.41000000e+00   3.78953109e-01
1.42000000e+00   3.80147743e-01
1.43000000e+00   3.81316668e-01
1.44000000e+00   3.82459888e-01
1.45000000e+00   3.83577410e-01
1.46000000e+00   3.84669245e-01
1.47000000e+00   3.85735404e-01
1.48000000e+00   3.86775905e-01
1.49000000e+00   3.87790764e-01
1.50000000e+00   3.88780004e-01
1.51000000e+00   3.89743647e-01
1.52000000e+00   3.90681721e-01
1.53000000e+00   3.91594255e-01
1.54000000e+00   3.92481281e-01
1.55000000e+00   3.93342833e-01
1.56000000e+00   3.94178949e-01
1.57000000e+00   3.94989669e-01
1.58000000e+00   3.95775035e-01
1.59000000e+00   3.96535093e-01
1.60000000e+00   3.97269890e-01
1.61000000e+00   3.97979478e-01
1.62000000e+00   3.98663908e-01
1.63000000e+00   3.99323237e-01
1.64000000e+00   3.99957523e-01
1.65000000e+00   4.00566825e-01
1.66000000e+00   4.01151208e-01
1.67000000e+00   4.01710737e-01
1.68000000e+00   4.02245479e-01
1.69000000e+00   4.02755506e-01
1.70000000e+00   4.03240890e-01
1.71000000e+00   4.03701705e-01
1.72000000e+00   4.04138031e-01
1.73000000e+00   4.04549946e-01
1.74000000e+00   4.04937533e-01
1.75000000e+00   4.05300876e-01
1.76000000e+00   4.05640062e-01
1.77000000e+00   4.05955181e-01
1.78000000e+00   4.06246322e-01
1.79000000e+00   4.06513581e-01
1.80000000e+00   4.06757052e-01
1.81000000e+00   4.06976834e-01
1.82000000e+00   4.07173026e-01
1.83000000e+00   4.07345730e-01
1.84000000e+00   4.07495050e-01
1.85000000e+00   4.07621093e-01
1.86000000e+00   4.07723967e-01
1.87000000e+00   4.07803782e-01
1.88000000e+00   4.07860650e-01
1.89000000e+00   4.07894686e-01
1.90000000e+00   4.07906005e-01
1.91000000e+00   4.07894726e-01
1.92000000e+00   4.07860967e-01
1.93000000e+00   4.07804852e-01
1.94000000e+00   4.07726504e-01
1.95000000e+00   4.07626048e-01
1.96000000e+00   4.07503610e-01
1.97000000e+00   4.07359321e-01
1.98000000e+00   4.07193310e-01
1.99000000e+00   4.07005710e-01
2.00000000e+00   4.06796655e-01
2.01000000e+00   4.06566280e-01
2.02000000e+00   4.06314723e-01
2.03000000e+00   4.06042122e-01
2.04000000e+00   4.05748617e-01
2.05000000e+00   4.05434351e-01
2.06000000e+00   4.05099466e-01
2.07000000e+00   4.04744108e-01
2.08000000e+00   4.04368422e-01
2.09000000e+00   4.03972557e-01
2.10000000e+00   4.03556661e-01
2.11000000e+00   4.03120885e-01
2.12000000e+00   4.02665380e-01
2.13000000e+00   4.02190300e-01
2.14000000e+00   4.01695798e-01
2.15000000e+00   4.01182031e-01
2.16000000e+00   4.00649154e-01
2.17000000e+00   4.00097326e-01
2.18000000e+00   3.99526706e-01
2.19000000e+00   3.98937454e-01
2.20000000e+00   3.98329731e-01
2.21000000e+00   3.97703699e-01
2.22000000e+00   3.97059522e-01
2.23000000e+00   3.96397365e-01
2.24000000e+00   3.95717392e-01
2.25000000e+00   3.95019769e-01
2.26000000e+00   3.94304665e-01
2.27000000e+00   3.93572247e-01
2.28000000e+00   3.92822684e-01
2.29000000e+00   3.92056146e-01
2.30000000e+00   3.91272804e-01
2.31000000e+00   3.90472828e-01
2.32000000e+00   3.89656391e-01
2.33000000e+00   3.88823667e-01
2.34000000e+00   3.87974827e-01
2.35000000e+00   3.87110048e-01
2.36000000e+00   3.86229502e-01
2.37000000e+00   3.85333367e-01
2.38000000e+00   3.84421818e-01
2.39000000e+00   3.83495031e-01
2.40000000e+00   3.82553184e-01
2.41000000e+00   3.81596454e-01
2.42000000e+00   3.80625019e-01
2.43000000e+00   3.79639058e-01
2.44000000e+00   3.78638750e-01
2.45000000e+00   3.77624273e-01
2.46000000e+00   3.76595809e-01
2.47000000e+00   3.75553536e-01
2.48000000e+00   3.74497634e-01
2.49000000e+00   3.73428286e-01
2.50000000e+00   3.72345670e-01
2.51000000e+00   3.71249969e-01
2.52000000e+00   3.70141364e-01
2.53000000e+00   3.69020035e-01
2.54000000e+00   3.67886165e-01
2.55000000e+00   3.66739935e-01
2.56000000e+00   3.65581527e-01
2.57000000e+00   3.64411122e-01
2.58000000e+00   3.63228903e-01
2.59000000e+00   3.62035051e-01
2.60000000e+00   3.60829749e-01
2.61000000e+00   3.59613178e-01
2.62000000e+00   3.58385519e-01
2.63000000e+00   3.57146956e-01
2.64000000e+00   3.55897668e-01
2.65000000e+00   3.54637837e-01
2.66000000e+00   3.53367646e-01
2.67000000e+00   3.52087274e-01
2.68000000e+00   3.50796903e-01
2.69000000e+00   3.49496714e-01
2.70000000e+00   3.48186886e-01
2.71000000e+00   3.46867600e-01
2.72000000e+00   3.45539036e-01
2.73000000e+00   3.44201373e-01
2.74000000e+00   3.42854791e-01
2.75000000e+00   3.41499468e-01
2.76000000e+00   3.40135582e-01
2.77000000e+00   3.38763312e-01
2.78000000e+00   3.37382836e-01
2.79000000e+00   3.35994330e-01
2.80000000e+00   3.34597970e-01
2.81000000e+00   3.33193934e-01
2.82000000e+00   3.31782397e-01
2.83000000e+00   3.30363534e-01
2.84000000e+00   3.28937519e-01
2.85000000e+00   3.27504526e-01
2.86000000e+00   3.26064730e-01
2.87000000e+00   3.24618302e-01
2.88000000e+00   3.23165415e-01
2.89000000e+00   3.21706240e-01
2.90000000e+00   3.20240948e-01
2.91000000e+00   3.18769709e-01
2.92000000e+00   3.17292693e-01
2.93000000e+00   3.15810068e-01
2.94000000e+00   3.14322003e-01
2.95000000e+00   3.12828664e-01
2.96000000e+00   3.11330218e-01
2.97000000e+00   3.09826831e-01
2.98000000e+00   3.08318668e-01
2.99000000e+00   3.06805891e-01
3.00000000e+00   3.05288666e-01
3.01000000e+00   3.03767153e-01
3.02000000e+00   3.02241515e-01
3.03000000e+00   3.00711912e-01
3.04000000e+00   2.99178504e-01
3.05000000e+00   2.97641449e-01
3.06000000e+00   2.96100905e-01
3.07000000e+00   2.94557029e-01
3.08000000e+00   2.93009978e-01
3.09000000e+00   2.91459905e-01
3.10000000e+00   2.89906965e-01
3.11000000e+00   2.88351312e-01
3.12000000e+00   2.86793096e-01
3.13000000e+00   2.85232469e-01
3.14000000e+00   2.83669581e-01
3.15000000e+00   2.82104581e-01
3.16000000e+00   2.80537616e-01
3.17000000e+00   2.78968833e-01
3.18000000e+00   2.77398378e-01
3.19000000e+00   2.75826395e-01
3.20000000e+00   2.74253029e-01
3.21000000e+00   2.72678421e-01
3.22000000e+00   2.71102712e-01
3.23000000e+00   2.69526043e-01
3.24000000e+00   2.67948552e-01
3.25000000e+00   2.66370378e-01
3.26000000e+00   2.64791657e-01
3.27000000e+00   2.63212525e-01
3.28000000e+00   2.61633116e-01
3.29000000e+00   2.60053563e-01
3.30000000e+00   2.58473998e-01
3.31000000e+00   2.56894552e-01
3.32000000e+00   2.55315354e-01
3.33000000e+00   2.53736534e-01
3.34000000e+00   2.52158217e-01
3.35000000e+00   2.50580530e-01
3.36000000e+00   2.49003598e-01
3.37000000e+00   2.47427544e-01
3.38000000e+00   2.45852490e-01
3.39000000e+00   2.44278557e-01
3.40000000e+00   2.42705865e-01
3.41000000e+00   2.41134533e-01
3.42000000e+00   2.39564678e-01
3.43000000e+00   2.37996414e-01
3.44000000e+00   2.36429859e-01
3.45000000e+00   2.34865123e-01
3.46000000e+00   2.33302321e-01
3.47000000e+00   2.31741562e-01
3.48000000e+00   2.30182956e-01
3.49000000e+00   2.28626612e-01
3.50000000e+00   2.27072636e-01
3.51000000e+00   2.25521135e-01
3.52000000e+00   2.23972211e-01
3.53000000e+00   2.22425970e-01
3.54000000e+00   2.20882512e-01
3.55000000e+00   2.19341937e-01
3.56000000e+00   2.17804346e-01
3.57000000e+00   2.16269836e-01
3.58000000e+00   2.14738504e-01
3.59000000e+00   2.13210445e-01
3.60000000e+00   2.11685753e-01
3.61000000e+00   2.10164520e-01
3.62000000e+00   2.08646839e-01
3.63000000e+00   2.07132799e-01
3.64000000e+00   2.05622489e-01
3.65000000e+00   2.04115997e-01
3.66000000e+00   2.02613408e-01
3.67000000e+00   2.01114808e-01
3.68000000e+00   1.99620280e-01
3.69000000e+00   1.98129907e-01
3.70000000e+00   1.96643770e-01
3.71000000e+00   1.95161948e-01
3.72000000e+00   1.93684520e-01
3.73000000e+00   1.92211563e-01
3.74000000e+00   1.90743153e-01
3.75000000e+00   1.89279364e-01
3.76000000e+00   1.87820270e-01
3.77000000e+00   1.86365943e-01
3.78000000e+00   1.84916454e-01
3.79000000e+00   1.83471871e-01
3.80000000e+00   1.82032264e-01
3.81000000e+00   1.80597700e-01
3.82000000e+00   1.79168243e-01
3.83000000e+00   1.77743959e-01
3.84000000e+00   1.76324911e-01
3.85000000e+00   1.74911160e-01
3.86000000e+00   1.73502768e-01
3.87000000e+00   1.72099794e-01
3.88000000e+00   1.70702296e-01
3.89000000e+00   1.69310332e-01
3.90000000e+00   1.67923956e-01
3.91000000e+00   1.66543224e-01
3.92000000e+00   1.65168190e-01
3.93000000e+00   1.63798904e-01
3.94000000e+00   1.62435419e-01
3.95000000e+00   1.61077784e-01
3.96000000e+00   1.59726048e-01
3.97000000e+00   1.58380258e-01
3.98000000e+00   1.57040460e-01
3.99000000e+00   1.55706701e-01
4.00000000e+00   1.54379022e-01
4.01000000e+00   1.53057468e-01
4.02000000e+00   1.51742080e-01
4.03000000e+00   1.50432898e-01
4.04000000e+00   1.49129962e-01
4.05000000e+00   1.47833310e-01
4.06000000e+00   1.46542980e-01
4.07000000e+00   1.45259007e-01
4.08000000e+00   1.43981426e-01
4.09000000e+00   1.42710270e-01
4.10000000e+00   1.41445574e-01
4.11000000e+00   1.40187368e-01
4.12000000e+00   1.38935683e-01
4.13000000e+00   1.37690549e-01
4.14000000e+00   1.36451993e-01
4.15000000e+00   1.35220044e-01
4.16000000e+00   1.33994727e-01
4.17000000e+00   1.32776069e-01
4.18000000e+00   1.31564092e-01
4.19000000e+00   1.30358822e-01
4.20000000e+00   1.29160280e-01
4.21000000e+00   1.27968486e-01
4.22000000e+00   1.26783463e-01
4.23000000e+00   1.25605228e-01
4.24000000e+00   1.24433801e-01
4.25000000e+00   1.23269198e-01
4.26000000e+00   1.22111436e-01
4.27000000e+00   1.20960531e-01
4.28000000e+00   1.19816496e-01
4.29000000e+00   1.18679347e-01
4.30000000e+00   1.17549095e-01
4.31000000e+00   1.16425752e-01
4.32000000e+00   1.15309330e-01
4.33000000e+00   1.14199837e-01
4.34000000e+00   1.13097284e-01
4.35000000e+00   1.12001678e-01
4.36000000e+00   1.10913027e-01
4.37000000e+00   1.09831337e-01
4.38000000e+00   1.08756615e-01
4.39000000e+00   1.07688864e-01
4.40000000e+00   1.06628089e-01
4.41000000e+00   1.05574294e-01
4.42000000e+00   1.04527480e-01
4.43000000e+00   1.03487649e-01
4.44000000e+00   1.02454802e-01
4.45000000e+00   1.01428939e-01
4.46000000e+00   1.00410059e-01
4.47000000e+00   9.93981615e-02
4.48000000e+00   9.83932430e-02
4.49000000e+00   9.73953011e-02
4.50000000e+00   9.64043319e-02
4.51000000e+00   9.54203311e-02
4.52000000e+00   9.44432934e-02
4.53000000e+00   9.34732131e-02
4.54000000e+00   9.25100836e-02
4.55000000e+00   9.15538976e-02
4.56000000e+00   9.06046472e-02
4.57000000e+00   8.96623239e-02
4.58000000e+00   8.87269184e-02
4.59000000e+00   8.77984209e-02
4.60000000e+00   8.68768208e-02
4.61000000e+00   8.59621071e-02
4.62000000e+00   8.50542679e-02
4.63000000e+00   8.41532908e-02
4.64000000e+00   8.32591631e-02
4.65000000e+00   8.23718710e-02
4.66000000e+00   8.14914005e-02
4.67000000e+00   8.06177368e-02
4.68000000e+00   7.97508647e-02
4.69000000e+00   7.88907684e-02
4.70000000e+00   7.80374316e-02
4.71000000e+00   7.71908373e-02
4.72000000e+00   7.63509681e-02
4.73000000e+00   7.55178062e-02
4.74000000e+00   7.46913330e-02
4.75000000e+00   7.38715297e-02
4.76000000e+00   7.30583769e-02
4.77000000e+00   7.22518546e-02
4.78000000e+00   7.14519425e-02
4.79000000e+00   7.06586197e-02
4.80000000e+00   6.98718651e-02
4.81000000e+00   6.90916568e-02
4.82000000e+00   6.83179728e-02
4.83000000e+00   6.75507904e-02
4.84000000e+00   6.67900867e-02
4.85000000e+00   6.60358382e-02
4.86000000e+00   6.52880212e-02
4.87000000e+00   6.45466115e-02
4.88000000e+00   6.38115845e-02
4.89000000e+00   6.30829153e-02
4.90000000e+00   6.23605786e-02
4.91000000e+00   6.16445486e-02
4.92000000e+00   6.09347995e-02
4.93000000e+00   6.02313048e-02
4.94000000e+00   5.95340378e-02
4.95000000e+00   5.88429716e-02
4.96000000e+00   5.81580788e-02
4.97000000e+00   5.74793318e-02
4.98000000e+00   5.68067027e-02
4.99000000e+00   5.61401632e-02
5.00000000e+00   5.54796849e-02
5.01000000e+00   5.48252390e-02
5.02000000e+00   5.41767963e-02
5.03000000e+00   5.35343277e-02
5.04000000e+00   5.28978035e-02
5.05000000e+00   5.22671940e-02
5.06000000e+00   5.16424691e-02
5.07000000e+00   5.10235985e-02
5.08000000e+00   5.04105518e-02
5.09000000e+00   4.98032982e-02
5.10000000e+00   4.92018068e-02
5.11000000e+00   4.86060465e-02
5.12000000e+00   4.80159860e-02
5.13000000e+00   4.74315937e-02
5.14000000e+00   4.68528381e-02
5.15000000e+00   4.62796871e-02
5.16000000e+00   4.57121089e-02
5.17000000e+00   4.51500713e-02
5.18000000e+00   4.45935418e-02
5.19000000e+00   4.40424881e-02
5.20000000e+00   4.34968774e-02
5.21000000e+00   4.29566772e-02
5.22000000e+00   4.24218544e-02
5.23000000e+00   4.18923761e-02
5.24000000e+00   4.13682091e-02
5.25000000e+00   4.08493203e-02
5.26000000e+00   4.03356763e-02
5.27000000e+00   3.98272437e-02
5.28000000e+00   3.93239891e-02
5.29000000e+00   3.88258787e-02
5.30000000e+00   3.83328789e-02
5.31000000e+00   3.78449560e-02
5.32000000e+00   3.73620762e-02
5.33000000e+00   3.68842056e-02
5.34000000e+00   3.64113103e-02
5.35000000e+00   3.59433563e-02
5.36000000e+00   3.54803095e-02
5.37000000e+00   3.50221360e-02
5.38000000e+00   3.45688016e-02
5.39000000e+00   3.41202722e-02
5.40000000e+00   3.36765137e-02
5.41000000e+00   3.32374919e-02
5.42000000e+00   3.28031725e-02
5.43000000e+00   3.23735215e-02
5.44000000e+00   3.19485047e-02
5.45000000e+00   3.15280877e-02
5.46000000e+00   3.11122366e-02
5.47000000e+00   3.07009170e-02
5.48000000e+00   3.02940948e-02
5.49000000e+00   2.98917359e-02
5.50000000e+00   2.94938062e-02
5.51000000e+00   2.91002715e-02
5.52000000e+00   2.87110979e-02
5.53000000e+00   2.83262512e-02
5.54000000e+00   2.79456976e-02
5.55000000e+00   2.75694030e-02
5.56000000e+00   2.71973336e-02
5.57000000e+00   2.68294556e-02
5.58000000e+00   2.64657351e-02
5.59000000e+00   2.61061385e-02
5.60000000e+00   2.57506321e-02
5.61000000e+00   2.53991823e-02
5.62000000e+00   2.50517556e-02
5.63000000e+00   2.47083185e-02
5.64000000e+00   2.43688377e-02
5.65000000e+00   2.40332800e-02
5.66000000e+00   2.37016120e-02
5.67000000e+00   2.33738007e-02
5.68000000e+00   2.30498131e-02
5.69000000e+00   2.27296162e-02
5.70000000e+00   2.24131773e-02
5.71000000e+00   2.21004635e-02
5.72000000e+00   2.17914423e-02
5.73000000e+00   2.14860812e-02
5.74000000e+00   2.11843477e-02
5.75000000e+00   2.08862095e-02
5.76000000e+00   2.05916345e-02
5.77000000e+00   2.03005905e-02
5.78000000e+00   2.00130457e-02
5.79000000e+00   1.97289683e-02
5.80000000e+00   1.94483264e-02
5.81000000e+00   1.91710886e-02
5.82000000e+00   1.88972234e-02
5.83000000e+00   1.86266994e-02
5.84000000e+00   1.83594856e-02
5.85000000e+00   1.80955508e-02
5.86000000e+00   1.78348641e-02
5.87000000e+00   1.75773948e-02
5.88000000e+00   1.73231123e-02
5.89000000e+00   1.70719861e-02
5.90000000e+00   1.68239858e-02
5.91000000e+00   1.65790812e-02
5.92000000e+00   1.63372424e-02
5.93000000e+00   1.60984393e-02
5.94000000e+00   1.58626424e-02
5.95000000e+00   1.56298219e-02
5.96000000e+00   1.53999485e-02
5.97000000e+00   1.51729929e-02
5.98000000e+00   1.49489260e-02
5.99000000e+00   1.47277189e-02
6.00000000e+00   1.45093427e-02
6.01000000e+00   1.42937688e-02
6.02000000e+00   1.40809688e-02
6.03000000e+00   1.38709144e-02
6.04000000e+00   1.36635774e-02
6.05000000e+00   1.34589299e-02
6.06000000e+00   1.32569440e-02
6.07000000e+00   1.30575922e-02
6.08000000e+00   1.28608470e-02
6.09000000e+00   1.26666811e-02
6.10000000e+00   1.24750674e-02
6.11000000e+00   1.22859789e-02
6.12000000e+00   1.20993889e-02
6.13000000e+00   1.19152709e-02
6.14000000e+00   1.17335983e-02
6.15000000e+00   1.15543450e-02
6.16000000e+00   1.13774849e-02
6.17000000e+00   1.12029920e-02
6.18000000e+00   1.10308408e-02
6.19000000e+00   1.08610056e-02
6.20000000e+00   1.06934612e-02
6.21000000e+00   1.05281823e-02
6.22000000e+00   1.03651439e-02
6.23000000e+00   1.02043213e-02
6.24000000e+00   1.00456899e-02
6.25000000e+00   9.88922505e-03
6.26000000e+00   9.73490264e-03
6.27000000e+00   9.58269853e-03
6.28000000e+00   9.43258883e-03
6.29000000e+00   9.28454982e-03
6.30000000e+00   9.13855794e-03
6.31000000e+00   8.99458984e-03
6.32000000e+00   8.85262234e-03
6.33000000e+00   8.71263244e-03
6.34000000e+00   8.57459732e-03
6.35000000e+00   8.43849436e-03
6.36000000e+00   8.30430110e-03
6.37000000e+00   8.17199528e-03
6.38000000e+00   8.04155480e-03
6.39000000e+00   7.91295775e-03
6.40000000e+00   7.78618242e-03
6.41000000e+00   7.66120726e-03
6.42000000e+00   7.53801089e-03
6.43000000e+00   7.41657216e-03
6.44000000e+00   7.29687003e-03
6.45000000e+00   7.17888371e-03
6.46000000e+00   7.06259254e-03
6.47000000e+00   6.94797606e-03
6.48000000e+00   6.83501399e-03
6.49000000e+00   6.72368622e-03
6.50000000e+00   6.61397282e-03
6.51000000e+00   6.50585404e-03
6.52000000e+00   6.39931032e-03
6.53000000e+00   6.29432225e-03
6.54000000e+00   6.19087062e-03
6.55000000e+00   6.08893638e-03
6.56000000e+00   5.98850067e-03
6.57000000e+00   5.88954479e-03
6.58000000e+00   5.79205022e-03
6.59000000e+00   5.69599862e-03
6.60000000e+00   5.60137181e-03
6.61000000e+00   5.50815179e-03
6.62000000e+00   5.41632075e-03
6.63000000e+00   5.32586100e-03
6.64000000e+00   5.23675508e-03
6.65000000e+00   5.14898566e-03
6.66000000e+00   5.06253559e-03
6.67000000e+00   4.97738790e-03
6.68000000e+00   4.89352576e-03
6.69000000e+00   4.81093253e-03
6.70000000e+00   4.72959173e-03
6.71000000e+00   4.64948705e-03
6.72000000e+00   4.57060233e-03
6.73000000e+00   4.49292159e-03
6.74000000e+00   4.41642899e-03
6.75000000e+00   4.34110888e-03
6.76000000e+00   4.26694576e-03
6.77000000e+00   4.19392428e-03
6.78000000e+00   4.12202925e-03
6.79000000e+00   4.05124566e-03
6.80000000e+00   3.98155864e-03
6.81000000e+00   3.91295348e-03
6.82000000e+00   3.84541561e-03
6.83000000e+00   3.77893065e-03
6.84000000e+00   3.71348435e-03
6.85000000e+00   3.64906261e-03
6.86000000e+00   3.58565149e-03
6.87000000e+00   3.52323721e-03
6.88000000e+00   3.46180612e-03
6.89000000e+00   3.40134474e-03
6.90000000e+00   3.34183971e-03
6.91000000e+00   3.28327786e-03
6.92000000e+00   3.22564612e-03
6.93000000e+00   3.16893160e-03
6.94000000e+00   3.11312153e-03
6.95000000e+00   3.05820331e-03
6.96000000e+00   3.00416445e-03
6.97000000e+00   2.95099262e-03
6.98000000e+00   2.89867565e-03
6.99000000e+00   2.84720146e-03
7.00000000e+00   2.79655815e-03
7.01000000e+00   2.74673395e-03
7.02000000e+00   2.69771720e-03
7.03000000e+00   2.64949641e-03
7.04000000e+00   2.60206020e-03
7.05000000e+00   2.55539735e-03
7.06000000e+00   2.50949673e-03
7.07000000e+00   2.46434738e-03
7.08000000e+00   2.41993845e-03
7.09000000e+00   2.37625924e-03
7.10000000e+00   2.33329914e-03
7.11000000e+00   2.29104770e-03
7.12000000e+00   2.24949459e-03
7.13000000e+00   2.20862960e-03
7.14000000e+00   2.16844264e-03
7.15000000e+00   2.12892375e-03
7.16000000e+00   2.09006308e-03
7.17000000e+00   2.05185092e-03
7.18000000e+00   2.01427768e-03
7.19000000e+00   1.97733386e-03
7.20000000e+00   1.94101010e-03
7.21000000e+00   1.90529715e-03
7.22000000e+00   1.87018589e-03
7.23000000e+00   1.83566730e-03
7.24000000e+00   1.80173247e-03
7.25000000e+00   1.76837261e-03
7.26000000e+00   1.73557905e-03
7.27000000e+00   1.70334321e-03
7.28000000e+00   1.67165663e-03
7.29000000e+00   1.64051097e-03
7.30000000e+00   1.60989797e-03
7.31000000e+00   1.57980950e-03
7.32000000e+00   1.55023754e-03
7.33000000e+00   1.52117414e-03
7.34000000e+00   1.49261149e-03
7.35000000e+00   1.46454187e-03
7.36000000e+00   1.43695765e-03
7.37000000e+00   1.40985131e-03
7.38000000e+00   1.38321543e-03
7.39000000e+00   1.35704270e-03
7.40000000e+00   1.33132588e-03
7.41000000e+00   1.30605784e-03
7.42000000e+00   1.28123156e-03
7.43000000e+00   1.25684009e-03
7.44000000e+00   1.23287659e-03
7.45000000e+00   1.20933430e-03
7.46000000e+00   1.18620657e-03
7.47000000e+00   1.16348681e-03
7.48000000e+00   1.14116856e-03
7.49000000e+00   1.11924542e-03
7.50000000e+00   1.09771108e-03
7.51000000e+00   1.07655933e-03
7.52000000e+00   1.05578403e-03
7.53000000e+00   1.03537914e-03
7.54000000e+00   1.01533869e-03
7.55000000e+00   9.95656802e-04
7.56000000e+00   9.76327683e-04
7.57000000e+00   9.57345614e-04
7.58000000e+00   9.38704959e-04
7.59000000e+00   9.20400161e-04
7.60000000e+00   9.02425743e-04
7.61000000e+00   8.84776305e-04
7.62000000e+00   8.67446524e-04
7.63000000e+00   8.50431151e-04
7.64000000e+00   8.33725016e-04
7.65000000e+00   8.17323020e-04
7.66000000e+00   8.01220139e-04
7.67000000e+00   7.85411422e-04
7.68000000e+00   7.69891987e-04
7.69000000e+00   7.54657026e-04
7.70000000e+00   7.39701800e-04
7.71000000e+00   7.25021639e-04
7.72000000e+00   7.10611940e-04
7.73000000e+00   6.96468170e-04
7.74000000e+00   6.82585862e-04
7.75000000e+00   6.68960615e-04
7.76000000e+00   6.55588092e-04
7.77000000e+00   6.42464022e-04
7.78000000e+00   6.29584196e-04
7.79000000e+00   6.16944470e-04
7.80000000e+00   6.04540761e-04
7.81000000e+00   5.92369045e-04
7.82000000e+00   5.80425363e-04
7.83000000e+00   5.68705812e-04
7.84000000e+00   5.57206550e-04
7.85000000e+00   5.45923793e-04
7.86000000e+00   5.34853814e-04
7.87000000e+00   5.23992943e-04
7.88000000e+00   5.13337567e-04
7.89000000e+00   5.02884127e-04
7.90000000e+00   4.92629120e-04
7.91000000e+00   4.82569096e-04
7.92000000e+00   4.72700658e-04
7.93000000e+00   4.63020464e-04
7.94000000e+00   4.53525221e-04
7.95000000e+00   4.44211689e-04
7.96000000e+00   4.35076677e-04
7.97000000e+00   4.26117047e-04
7.98000000e+00   4.17329706e-04
7.99000000e+00   4.08711614e-04
8.00000000e+00   4.00259775e-04
8.01000000e+00   3.91971243e-04
8.02000000e+00   3.83843118e-04
8.03000000e+00   3.75872546e-04
8.04000000e+00   3.68056718e-04
8.05000000e+00   3.60392869e-04
8.06000000e+00   3.52878281e-04
8.07000000e+00   3.45510278e-04
8.08000000e+00   3.38286226e-04
8.09000000e+00   3.31203535e-04
8.10000000e+00   3.24259657e-04
8.11000000e+00   3.17452083e-04
8.12000000e+00   3.10778348e-04
8.13000000e+00   3.04236024e-04
8.14000000e+00   2.97822724e-04
8.15000000e+00   2.91536101e-04
8.16000000e+00   2.85373845e-04
8.17000000e+00   2.79333685e-04
8.18000000e+00   2.73413385e-04
8.19000000e+00   2.67610750e-04
8.20000000e+00   2.61923617e-04
8.21000000e+00   2.56349862e-04
8.22000000e+00   2.50887395e-04
8.23000000e+00   2.45534161e-04
8.24000000e+00   2.40288139e-04
8.25000000e+00   2.35147342e-04
8.26000000e+00   2.30109816e-04
8.27000000e+00   2.25173640e-04
8.28000000e+00   2.20336927e-04
8.29000000e+00   2.15597819e-04
8.30000000e+00   2.10954491e-04
8.31000000e+00   2.06405150e-04
8.32000000e+00   2.01948030e-04
8.33000000e+00   1.97581399e-04
8.34000000e+00   1.93303553e-04
8.35000000e+00   1.89112815e-04
8.36000000e+00   1.85007541e-04
8.37000000e+00   1.80986112e-04
8.38000000e+00   1.77046938e-04
8.39000000e+00   1.73188456e-04
8.40000000e+00   1.69409131e-04
8.41000000e+00   1.65707453e-04
8.42000000e+00   1.62081939e-04
8.43000000e+00   1.58531133e-04
8.44000000e+00   1.55053603e-04
8.45000000e+00   1.51647942e-04
8.46000000e+00   1.48312769e-04
8.47000000e+00   1.45046724e-04
8.48000000e+00   1.41848475e-04
8.49000000e+00   1.38716712e-04
8.50000000e+00   1.35650146e-04
8.51000000e+00   1.32647514e-04
8.52000000e+00   1.29707573e-04
8.53000000e+00   1.26829104e-04
8.54000000e+00   1.24010908e-04
8.55000000e+00   1.21251808e-04
8.56000000e+00   1.18550649e-04
8.57000000e+00   1.15906296e-04
8.58000000e+00   1.13317633e-04
8.59000000e+00   1.10783567e-04
8.60000000e+00   1.08303021e-04
8.61000000e+00   1.05874942e-04
8.62000000e+00   1.03498291e-04
8.63000000e+00   1.01172052e-04
8.64000000e+00   9.88952259e-05
8.65000000e+00   9.66668310e-05
8.66000000e+00   9.44859047e-05
8.67000000e+00   9.23515015e-05
8.68000000e+00   9.02626932e-05
8.69000000e+00   8.82185688e-05
8.70000000e+00   8.62182339e-05
8.71000000e+00   8.42608106e-05
8.72000000e+00   8.23454374e-05
8.73000000e+00   8.04712684e-05
8.74000000e+00   7.86374737e-05
8.75000000e+00   7.68432386e-05
8.76000000e+00   7.50877636e-05
8.77000000e+00   7.33702643e-05
8.78000000e+00   7.16899705e-05
8.79000000e+00   7.00461269e-05
8.80000000e+00   6.84379920e-05
8.81000000e+00   6.68648385e-05
8.82000000e+00   6.53259526e-05
8.83000000e+00   6.38206340e-05
8.84000000e+00   6.23481956e-05
8.85000000e+00   6.09079635e-05
8.86000000e+00   5.94992763e-05
8.87000000e+00   5.81214853e-05
8.88000000e+00   5.67739542e-05
8.89000000e+00   5.54560587e-05
8.90000000e+00   5.41671865e-05
8.91000000e+00   5.29067370e-05
8.92000000e+00   5.16741212e-05
8.93000000e+00   5.04687612e-05
8.94000000e+00   4.92900905e-05
8.95000000e+00   4.81375533e-05
8.96000000e+00   4.70106047e-05
8.97000000e+00   4.59087101e-05
8.98000000e+00   4.48313455e-05
8.99000000e+00   4.37779971e-05
9.00000000e+00   4.27481608e-05
9.01000000e+00   4.17413427e-05
9.02000000e+00   4.07570582e-05
9.03000000e+00   3.97948324e-05
9.04000000e+00   3.88541997e-05
9.05000000e+00   3.79347035e-05
9.06000000e+00   3.70358963e-05
9.07000000e+00   3.61573394e-05
9.08000000e+00   3.52986027e-05
9.09000000e+00   3.44592646e-05
9.10000000e+00   3.36389119e-05
9.11000000e+00   3.28371396e-05
9.12000000e+00   3.20535507e-05
9.13000000e+00   3.12877563e-05
9.14000000e+00   3.05393748e-05
9.15000000e+00   2.98080327e-05
9.16000000e+00   2.90933638e-05
9.17000000e+00   2.83950092e-05
9.18000000e+00   2.77126172e-05
9.19000000e+00   2.70458432e-05
9.20000000e+00   2.63943495e-05
9.21000000e+00   2.57578055e-05
9.22000000e+00   2.51358868e-05
9.23000000e+00   2.45282759e-05
9.24000000e+00   2.39346618e-05
9.25000000e+00   2.33547395e-05
9.26000000e+00   2.27882105e-05
9.27000000e+00   2.22347822e-05
9.28000000e+00   2.16941681e-05
9.29000000e+00   2.11660876e-05
9.30000000e+00   2.06502657e-05
9.31000000e+00   2.01464330e-05
9.32000000e+00   1.96543260e-05
9.33000000e+00   1.91736862e-05
9.34000000e+00   1.87042606e-05
9.35000000e+00   1.82458016e-05
9.36000000e+00   1.77980664e-05
9.37000000e+00   1.73608175e-05
9.38000000e+00   1.69338222e-05
9.39000000e+00   1.65168527e-05
9.40000000e+00   1.61096860e-05
9.41000000e+00   1.57121035e-05
9.42000000e+00   1.53238914e-05
9.43000000e+00   1.49448404e-05
9.44000000e+00   1.45747454e-05
9.45000000e+00   1.42134058e-05
9.46000000e+00   1.38606251e-05
9.47000000e+00   1.35162110e-05
9.48000000e+00   1.31799753e-05
9.49000000e+00   1.28517336e-05
9.50000000e+00   1.25313056e-05
9.51000000e+00   1.22185147e-05
9.52000000e+00   1.19131881e-05
9.53000000e+00   1.16151567e-05
9.54000000e+00   1.13242550e-05
9.55000000e+00   1.10403209e-05
9.56000000e+00   1.07631960e-05
9.57000000e+00   1.04927251e-05
9.58000000e+00   1.02287564e-05
9.59000000e+00   9.97114140e-06
9.60000000e+00   9.71973469e-06
9.61000000e+00   9.47439408e-06
9.62000000e+00   9.23498041e-06
9.63000000e+00   9.00135753e-06
9.64000000e+00   8.77339227e-06
9.65000000e+00   8.55095430e-06
9.66000000e+00   8.33391614e-06
9.67000000e+00   8.12215310e-06
9.68000000e+00   7.91554317e-06
9.69000000e+00   7.71396704e-06
9.70000000e+00   7.51730797e-06
9.71000000e+00   7.32545179e-06
9.72000000e+00   7.13828684e-06
9.73000000e+00   6.95570391e-06
9.74000000e+00   6.77759617e-06
9.75000000e+00   6.60385916e-06
9.76000000e+00   6.43439072e-06
9.77000000e+00   6.26909094e-06
9.78000000e+00   6.10786212e-06
9.79000000e+00   5.95060874e-06
9.80000000e+00   5.79723737e-06
9.81000000e+00   5.64765667e-06
9.82000000e+00   5.50177735e-06
9.83000000e+00   5.35951207e-06
9.84000000e+00   5.22077548e-06
9.85000000e+00   5.08548409e-06
9.86000000e+00   4.95355633e-06
9.87000000e+00   4.82491243e-06
9.88000000e+00   4.69947440e-06
9.89000000e+00   4.57716603e-06
9.90000000e+00   4.45791280e-06
9.91000000e+00   4.34164189e-06
9.92000000e+00   4.22828211e-06
9.93000000e+00   4.11776390e-06
9.94000000e+00   4.01001924e-06
9.95000000e+00   3.90498169e-06
9.96000000e+00   3.80258629e-06
9.97000000e+00   3.70276957e-06
9.98000000e+00   3.60546950e-06
9.99000000e+00   3.51062548e-06
1.00000000e+01   3.41817828e-06
1.00100000e+01   3.32807001e-06
1.00200000e+01   3.24024414e-06
1.00300000e+01   3.15464542e-06
1.00400000e+01   3.07121986e-06
1.00500000e+01   2.98991473e-06
1.00600000e+01   2.91067849e-06
1.00700000e+01   2.83346082e-06
1.00800000e+01   2.75821253e-06
1.00900000e+01   2.68488560e-06
1.01000000e+01   2.61343310e-06
1.01100000e+01   2.54380919e-06
1.01200000e+01   2.47596911e-06
1.01300000e+01   2.40986913e-06
1.01400000e+01   2.34546653e-06
1.01500000e+01   2.28271961e-06
1.01600000e+01   2.22158763e-06
1.01700000e+01   2.16203079e-06
1.01800000e+01   2.10401025e-06
1.01900000e+01   2.04748806e-06
1.02000000e+01   1.99242718e-06
1.02100000e+01   1.93879141e-06
1.02200000e+01   1.88654544e-06
1.02300000e+01   1.83565478e-06
1.02400000e+01   1.78608573e-06
1.02500000e+01   1.73780543e-06
1.02600000e+01   1.69078176e-06
1.02700000e+01   1.64498338e-06
1.02800000e+01   1.60037970e-06
1.02900000e+01   1.55694084e-06
1.03000000e+01   1.51463766e-06
1.03100000e+01   1.47344167e-06
1.03200000e+01   1.43332510e-06
1.03300000e+01   1.39426083e-06
1.03400000e+01   1.35622239e-06
1.03500000e+01   1.31918395e-06
1.03600000e+01   1.28312028e-06
1.03700000e+01   1.24800678e-06
1.03800000e+01   1.21381944e-06
1.03900000e+01   1.18053481e-06
1.04000000e+01   1.14813002e-06
1.04100000e+01   1.11658276e-06
1.04200000e+01   1.08587124e-06
1.04300000e+01   1.05597421e-06
1.04400000e+01   1.02687095e-06
1.04500000e+01   9.98541204e-07
1.04600000e+01   9.70965250e-07
1.04700000e+01   9.44123823e-07
1.04800000e+01   9.17998135e-07
1.04900000e+01   8.92569857e-07
1.05000000e+01   8.67821106e-07
1.05100000e+01   8.43734439e-07
1.05200000e+01   8.20292839e-07
1.05300000e+01   7.97479710e-07
1.05400000e+01   7.75278859e-07
1.05500000e+01   7.53674497e-07
1.05600000e+01   7.32651221e-07
1.05700000e+01   7.12194009e-07
1.05800000e+01   6.92288209e-07
1.05900000e+01   6.72919534e-07
1.06000000e+01   6.54074050e-07
1.06100000e+01   6.35738167e-07
1.06200000e+01   6.17898635e-07
1.06300000e+01   6.00542531e-07
1.06400000e+01   5.83657258e-07
1.06500000e+01   5.67230529e-07
1.06600000e+01   5.51250365e-07
1.06700000e+01   5.35705087e-07
1.06800000e+01   5.20583308e-07
1.06900000e+01   5.05873928e-07
1.07000000e+01   4.91566122e-07
1.07100000e+01   4.77649340e-07
1.07200000e+01   4.64113296e-07
1.07300000e+01   4.50947964e-07
1.07400000e+01   4.38143571e-07
1.07500000e+01   4.25690590e-07
1.07600000e+01   4.13579734e-07
1.07700000e+01   4.01801954e-07
1.07800000e+01   3.90348428e-07
1.07900000e+01   3.79210558e-07
1.08000000e+01   3.68379965e-07
1.08100000e+01   3.57848485e-07
1.08200000e+01   3.47608158e-07
1.08300000e+01   3.37651231e-07
1.08400000e+01   3.27970146e-07
1.08500000e+01   3.18557540e-07
1.08600000e+01   3.09406238e-07
1.08700000e+01   3.00509250e-07
1.08800000e+01   2.91859762e-07
1.08900000e+01   2.83451140e-07
1.09000000e+01   2.75276916e-07
1.09100000e+01   2.67330792e-07
1.09200000e+01   2.59606631e-07
1.09300000e+01   2.52098454e-07
1.09400000e+01   2.44800437e-07
1.09500000e+01   2.37706908e-07
1.09600000e+01   2.30812340e-07
1.09700000e+01   2.24111351e-07
1.09800000e+01   2.17598698e-07
1.09900000e+01   2.11269274e-07
1.10000000e+01   2.05118106e-07
1.10100000e+01   1.99140351e-07
1.10200000e+01   1.93331290e-07
1.10300000e+01   1.87686329e-07
1.10400000e+01   1.82200995e-07
1.10500000e+01   1.76870932e-07
1.10600000e+01   1.71691896e-07
1.10700000e+01   1.66659756e-07
1.10800000e+01   1.61770491e-07
1.10900000e+01   1.57020184e-07
1.11000000e+01   1.52405022e-07
1.11100000e+01   1.47921291e-07
1.11200000e+01   1.43565378e-07
1.11300000e+01   1.39333763e-07
1.11400000e+01   1.35223021e-07
1.11500000e+01   1.31229817e-07
1.11600000e+01   1.27350903e-07
1.11700000e+01   1.23583121e-07
1.11800000e+01   1.19923393e-07
1.11900000e+01   1.16368726e-07
1.12000000e+01   1.12916205e-07
1.12100000e+01   1.09562995e-07
1.12200000e+01   1.06306333e-07
1.12300000e+01   1.03143533e-07
1.12400000e+01   1.00071981e-07
1.12500000e+01   9.70891312e-08
1.12600000e+01   9.41925079e-08
1.12700000e+01   9.13797009e-08
1.12800000e+01   8.86483655e-08
1.12900000e+01   8.59962197e-08
1.13000000e+01   8.34210435e-08
1.13100000e+01   8.09206765e-08
1.13200000e+01   7.84930170e-08
1.13300000e+01   7.61360199e-08
1.13400000e+01   7.38476958e-08
1.13500000e+01   7.16261091e-08
1.13600000e+01   6.94693769e-08
1.13700000e+01   6.73756675e-08
1.13800000e+01   6.53431988e-08
1.13900000e+01   6.33702377e-08
1.14000000e+01   6.14550980e-08
1.14100000e+01   5.95961399e-08
1.14200000e+01   5.77917682e-08
1.14300000e+01   5.60404315e-08
1.14400000e+01   5.43406209e-08
1.14500000e+01   5.26908688e-08
1.14600000e+01   5.10897480e-08
1.14700000e+01   4.95358708e-08
1.14800000e+01   4.80278872e-08
1.14900000e+01   4.65644848e-08
1.15000000e+01   4.51443873e-08
1.15100000e+01   4.37663537e-08
1.15200000e+01   4.24291772e-08
1.15300000e+01   4.11316845e-08
1.15400000e+01   3.98727350e-08
1.15500000e+01   3.86512193e-08
1.15600000e+01   3.74660593e-08
1.15700000e+01   3.63162066e-08
1.15800000e+01   3.52006421e-08
1.15900000e+01   3.41183751e-08
1.16000000e+01   3.30684423e-08
1.16100000e+01   3.20499078e-08
1.16200000e+01   3.10618615e-08
1.16300000e+01   3.01034188e-08
1.16400000e+01   2.91737201e-08
1.16500000e+01   2.82719296e-08
1.16600000e+01   2.73972353e-08
1.16700000e+01   2.65488479e-08
1.16800000e+01   2.57260003e-08
1.16900000e+01   2.49279470e-08
1.17000000e+01   2.41539635e-08
1.17100000e+01   2.34033459e-08
1.17200000e+01   2.26754101e-08
1.17300000e+01   2.19694914e-08
1.17400000e+01   2.12849439e-08
1.17500000e+01   2.06211400e-08
1.17600000e+01   1.99774700e-08
1.17700000e+01   1.93533415e-08
1.17800000e+01   1.87481788e-08
1.17900000e+01   1.81614229e-08
1.18000000e+01   1.75925306e-08
1.18100000e+01   1.70409740e-08
1.18200000e+01   1.65062406e-08
1.18300000e+01   1.59878325e-08
1.18400000e+01   1.54852658e-08
1.18500000e+01   1.49980709e-08
1.18600000e+01   1.45257912e-08
1.18700000e+01   1.40679837e-08
1.18800000e+01   1.36242177e-08
1.18900000e+01   1.31940752e-08
1.19000000e+01   1.27771502e-08
1.19100000e+01   1.23730482e-08
1.19200000e+01   1.19813864e-08
1.19300000e+01   1.16017929e-08
1.19400000e+01   1.12339066e-08
1.19500000e+01   1.08773768e-08
1.19600000e+01   1.05318630e-08
1.19700000e+01   1.01970347e-08
1.19800000e+01   9.87257082e-09
1.19900000e+01   9.55815979e-09
1.20000000e+01   9.25349901e-09
1.20100000e+01   8.95829474e-09
1.20200000e+01   8.67226181e-09
1.20300000e+01   8.39512337e-09
1.20400000e+01   8.12661068e-09
1.20500000e+01   7.86646286e-09
1.20600000e+01   7.61442668e-09
1.20700000e+01   7.37025633e-09
1.20800000e+01   7.13371324e-09
1.20900000e+01   6.90456583e-09
1.21000000e+01   6.68258936e-09
1.21100000e+01   6.46756567e-09
1.21200000e+01   6.25928309e-09
1.21300000e+01   6.05753614e-09
1.21400000e+01   5.86212546e-09
1.21500000e+01   5.67285756e-09
1.21600000e+01   5.48954468e-09
1.21700000e+01   5.31200464e-09
1.21800000e+01   5.14006065e-09
1.21900000e+01   4.97354118e-09
1.22000000e+01   4.81227980e-09
1.22100000e+01   4.65611502e-09
1.22200000e+01   4.50489019e-09
1.22300000e+01   4.35845329e-09
1.22400000e+01   4.21665688e-09
1.22500000e+01   4.07935790e-09
1.22600000e+01   3.94641757e-09
1.22700000e+01   3.81770128e-09
1.22800000e+01   3.69307844e-09
1.22900000e+01   3.57242239e-09
1.23000000e+01   3.45561026e-09
1.23100000e+01   3.34252289e-09
1.23200000e+01   3.23304469e-09
1.23300000e+01   3.12706357e-09
1.23400000e+01   3.02447080e-09
1.23500000e+01   2.92516094e-09
1.23600000e+01   2.82903175e-09
1.23700000e+01   2.73598405e-09
1.23800000e+01   2.64592170e-09
1.23900000e+01   2.55875145e-09
1.24000000e+01   2.47438287e-09
1.24100000e+01   2.39272831e-09
1.24200000e+01   2.31370275e-09
1.24300000e+01   2.23722377e-09
1.24400000e+01   2.16321146e-09
1.24500000e+01   2.09158836e-09
1.24600000e+01   2.02227934e-09
1.24700000e+01   1.95521160e-09
1.24800000e+01   1.89031454e-09
1.24900000e+01   1.82751974e-09
1.25000000e+01   1.76676086e-09
1.25100000e+01   1.70797360e-09
1.25200000e+01   1.65109563e-09
1.25300000e+01   1.59606656e-09
1.25400000e+01   1.54282781e-09
1.25500000e+01   1.49132265e-09
1.25600000e+01   1.44149607e-09
1.25700000e+01   1.39329477e-09
1.25800000e+01   1.34666709e-09
1.25900000e+01   1.30156296e-09
1.26000000e+01   1.25793387e-09
1.26100000e+01   1.21573280e-09
1.26200000e+01   1.17491421e-09
1.26300000e+01   1.13543395e-09
1.26400000e+01   1.09724925e-09
1.26500000e+01   1.06031867e-09
1.26600000e+01   1.02460205e-09
1.26700000e+01   9.90060493e-10
1.26800000e+01   9.56656312e-10
1.26900000e+01   9.24352993e-10
1.27000000e+01   8.93115161e-10
1.27100000e+01   8.62908550e-10
1.27200000e+01   8.33699966e-10
1.27300000e+01   8.05457252e-10
1.27400000e+01   7.78149263e-10
1.27500000e+01   7.51745829e-10
1.27600000e+01   7.26217727e-10
1.27700000e+01   7.01536655e-10
1.27800000e+01   6.77675200e-10
1.27900000e+01   6.54606814e-10
1.28000000e+01   6.32305785e-10
1.28100000e+01   6.10747212e-10
1.28200000e+01   5.89906981e-10
1.28300000e+01   5.69761742e-10
1.28400000e+01   5.50288882e-10
1.28500000e+01   5.31466505e-10
1.28600000e+01   5.13273409e-10
1.28700000e+01   4.95689067e-10
1.28800000e+01   4.78693600e-10
1.28900000e+01   4.62267766e-10
1.29000000e+01   4.46392931e-10
1.29100000e+01   4.31051058e-10
1.29200000e+01   4.16224683e-10
1.29300000e+01   4.01896900e-10
1.29400000e+01   3.88051343e-10
1.29500000e+01   3.74672171e-10
1.29600000e+01   3.61744047e-10
1.29700000e+01   3.49252127e-10
1.29800000e+01   3.37182043e-10
1.29900000e+01   3.25519889e-10
1.30000000e+01   3.14252204e-10
1.30100000e+01   3.03365960e-10
1.30200000e+01   2.92848549e-10
1.30300000e+01   2.82687769e-10
1.30400000e+01   2.72871812e-10
1.30500000e+01   2.63389250e-10
1.30600000e+01   2.54229024e-10
1.30700000e+01   2.45380434e-10
1.30800000e+01   2.36833125e-10
1.30900000e+01   2.28577078e-10
1.31000000e+01   2.20602599e-10
1.31100000e+01   2.12900308e-10
1.31200000e+01   2.05461129e-10
1.31300000e+01   1.98276283e-10
1.31400000e+01   1.91337275e-10
1.31500000e+01   1.84635888e-10
1.31600000e+01   1.78164171e-10
1.31700000e+01   1.71914435e-10
1.31800000e+01   1.65879240e-10
1.31900000e+01   1.60051389e-10
1.32000000e+01   1.54423922e-10
1.32100000e+01   1.48990106e-10
1.32200000e+01   1.43743429e-10
1.32300000e+01   1.38677593e-10
1.32400000e+01   1.33786505e-10
1.32500000e+01   1.29064275e-10
1.32600000e+01   1.24505204e-10
1.32700000e+01   1.20103783e-10
1.32800000e+01   1.15854683e-10
1.32900000e+01   1.11752751e-10
1.33000000e+01   1.07793004e-10
1.33100000e+01   1.03970624e-10
1.33200000e+01   1.00280952e-10
1.33300000e+01   9.67194852e-11
1.33400000e+01   9.32818664e-11
1.33500000e+01   8.99638854e-11
1.33600000e+01   8.67614710e-11
1.33700000e+01   8.36706871e-11
1.33800000e+01   8.06877288e-11
1.33900000e+01   7.78089176e-11
1.34000000e+01   7.50306976e-11
1.34100000e+01   7.23496314e-11
1.34200000e+01   6.97623961e-11
1.34300000e+01   6.72657802e-11
1.34400000e+01   6.48566791e-11
1.34500000e+01   6.25320923e-11
1.34600000e+01   6.02891198e-11
1.34700000e+01   5.81249585e-11
1.34800000e+01   5.60368996e-11
1.34900000e+01   5.40223251e-11
1.35000000e+01   5.20787050e-11
1.35100000e+01   5.02035945e-11
1.35200000e+01   4.83946307e-11
1.35300000e+01   4.66495308e-11
1.35400000e+01   4.49660887e-11
1.35500000e+01   4.33421726e-11
1.35600000e+01   4.17757231e-11
1.35700000e+01   4.02647500e-11
1.35800000e+01   3.88073308e-11
1.35900000e+01   3.74016079e-11
1.36000000e+01   3.60457866e-11
1.36100000e+01   3.47381332e-11
1.36200000e+01   3.34769729e-11
1.36300000e+01   3.22606876e-11
1.36400000e+01   3.10877146e-11
1.36500000e+01   2.99565440e-11
1.36600000e+01   2.88657175e-11
1.36700000e+01   2.78138266e-11
1.36800000e+01   2.67995107e-11
1.36900000e+01   2.58214559e-11
1.37000000e+01   2.48783930e-11
1.37100000e+01   2.39690963e-11
1.37200000e+01   2.30923822e-11
1.37300000e+01   2.22471074e-11
1.37400000e+01   2.14321680e-11
1.37500000e+01   2.06464980e-11
1.37600000e+01   1.98890679e-11
1.37700000e+01   1.91588838e-11
1.37800000e+01   1.84549859e-11
1.37900000e+01   1.77764475e-11
1.38000000e+01   1.71223736e-11
1.38100000e+01   1.64919006e-11
1.38200000e+01   1.58841942e-11
1.38300000e+01   1.52984493e-11
1.38400000e+01   1.47338884e-11
1.38500000e+01   1.41897611e-11
1.38600000e+01   1.36653429e-11
1.38700000e+01   1.31599346e-11
1.38800000e+01   1.26728609e-11
1.38900000e+01   1.22034704e-11
1.39000000e+01   1.17511340e-11
1.39100000e+01   1.13152447e-11
1.39200000e+01   1.08952166e-11
1.39300000e+01   1.04904842e-11
1.39400000e+01   1.01005016e-11
1.39500000e+01   9.72474219e-12
1.39600000e+01   9.36269764e-12
1.39700000e+01   9.01387741e-12
1.39800000e+01   8.67780812e-12
1.39900000e+01   8.35403300e-12
1.40000000e+01   8.04211126e-12
1.40100000e+01   7.74161762e-12
1.40200000e+01   7.45214170e-12
1.40300000e+01   7.17328755e-12
1.40400000e+01   6.90467316e-12
1.40500000e+01   6.64592997e-12
1.40600000e+01   6.39670238e-12
1.40700000e+01   6.15664737e-12
1.40800000e+01   5.92543399e-12
1.40900000e+01   5.70274299e-12
1.41000000e+01   5.48826642e-12
1.41100000e+01   5.28170722e-12
1.41200000e+01   5.08277883e-12
1.41300000e+01   4.89120486e-12
1.41400000e+01   4.70671873e-12
1.41500000e+01   4.52906331e-12
1.41600000e+01   4.35799061e-12
1.41700000e+01   4.19326145e-12
1.41800000e+01   4.03464517e-12
1.41900000e+01   3.88191931e-12
1.42000000e+01   3.73486937e-12
1.42100000e+01   3.59328847e-12
1.42200000e+01   3.45697712e-12
1.42300000e+01   3.32574297e-12
1.42400000e+01   3.19940053e-12
1.42500000e+01   3.07777097e-12
1.42600000e+01   2.96068186e-12
1.42700000e+01   2.84796692e-12
1.42800000e+01   2.73946589e-12
1.42900000e+01   2.63502420e-12
1.43000000e+01   2.53449289e-12
1.43100000e+01   2.43772833e-12
1.43200000e+01   2.34459205e-12
1.43300000e+01   2.25495059e-12
1.43400000e+01   2.16867528e-12
1.43500000e+01   2.08564212e-12
1.43600000e+01   2.00573155e-12
1.43700000e+01   1.92882835e-12
1.43800000e+01   1.85482148e-12
1.43900000e+01   1.78360390e-12
1.44000000e+01   1.71507244e-12
1.44100000e+01   1.64912769e-12
1.44200000e+01   1.58567383e-12
1.44300000e+01   1.52461854e-12
1.44400000e+01   1.46587283e-12
1.44500000e+01   1.40935095e-12
1.44600000e+01   1.35497030e-12
1.44700000e+01   1.30265124e-12
1.44800000e+01   1.25231708e-12
1.44900000e+01   1.20389389e-12
1.45000000e+01   1.15731047e-12
1.45100000e+01   1.11249820e-12
1.45200000e+01   1.06939097e-12
1.45300000e+01   1.02792511e-12
1.45400000e+01   9.88039254e-13
1.45500000e+01   9.49674307e-13
1.45600000e+01   9.12773330e-13
1.45700000e+01   8.77281479e-13
1.45800000e+01   8.43145923e-13
1.45900000e+01   8.10315774e-13
1.46000000e+01   7.78742018e-13
1.46100000e+01   7.48377443e-13
1.46200000e+01   7.19176579e-13
1.46300000e+01   6.91095633e-13
1.46400000e+01   6.64092429e-13
1.46500000e+01   6.38126347e-13
1.46600000e+01   6.13158271e-13
1.46700000e+01   5.89150530e-13
1.46800000e+01   5.66066850e-13
1.46900000e+01   5.43872301e-13
1.47000000e+01   5.22533246e-13
1.47100000e+01   5.02017299e-13
1.47200000e+01   4.82293276e-13
1.47300000e+01   4.63331152e-13
1.47400000e+01   4.45102018e-13
1.47500000e+01   4.27578044e-13
1.47600000e+01   4.10732434e-13
1.47700000e+01   3.94539393e-13
1.47800000e+01   3.78974088e-13
1.47900000e+01   3.64012612e-13
1.48000000e+01   3.49631954e-13
1.48100000e+01   3.35809961e-13
1.48200000e+01   3.22525311e-13
1.48300000e+01   3.09757481e-13
1.48400000e+01   2.97486716e-13
1.48500000e+01   2.85694002e-13
1.48600000e+01   2.74361040e-13
1.48700000e+01   2.63470219e-13
1.48800000e+01   2.53004588e-13
1.48900000e+01   2.42947836e-13
1.49000000e+01   2.33284265e-13
1.49100000e+01   2.23998770e-13
1.49200000e+01   2.15076813e-13
1.49300000e+01   2.06504409e-13
1.49400000e+01   1.98268097e-13
1.49500000e+01   1.90354927e-13
1.49600000e+01   1.82752439e-13
1.49700000e+01   1.75448645e-13
1.49800000e+01   1.68432010e-13
1.49900000e+01   1.61691436e-13
1.50000000e+01   1.55216248e-13
