0.00000000e+00   0.00000000e+00
1.00000000e-02   1.71923761e-03
2.00000000e-02   3.43839269e-03
3.00000000e-02   5.15738274e-03
4.00000000e-02   6.87612524e-03
5.00000000e-02   8.59453772e-03
6.00000000e-02   1.03125377e-02
7.00000000e-02   1.20300428e-02
8.00000000e-02   1.37469706e-02
9.00000000e-02   1.54632388e-02
1.00000000e-01   1.71787651e-02
1.10000000e-01   1.88934672e-02
1.20000000e-01   2.06072631e-02
1.30000000e-01   2.23200705e-02
1.40000000e-01   2.40318076e-02
1.50000000e-01   2.57423924e-02
1.60000000e-01   2.74517430e-02
1.70000000e-01   2.91597777e-02
1.80000000e-01   3.08664150e-02
1.90000000e-01   3.25715732e-02
2.00000000e-01   3.42751710e-02
2.10000000e-01   3.59771271e-02
2.20000000e-01   3.76773604e-02
2.30000000e-01   3.93757898e-02
2.40000000e-01   4.10723346e-02
2.50000000e-01   4.27669140e-02
2.60000000e-01   4.44594474e-02
2.70000000e-01   4.61498544e-02
2.80000000e-01   4.78380549e-02
2.90000000e-01   4.95239688e-02
3.00000000e-01   5.12075162e-02
3.10000000e-01   5.28886175e-02
3.20000000e-01   5.45671931e-02
3.30000000e-01   5.62431638e-02
3.40000000e-01   5.79164506e-02
3.50000000e-01   5.95869745e-02
3.60000000e-01   6.12546570e-02
3.70000000e-01   6.29194196e-02
3.80000000e-01   6.45811841e-02
3.90000000e-01   6.62398726e-02
4.00000000e-01   6.78954074e-02
4.10000000e-01   6.95477111e-02
4.20000000e-01   7.11967064e-02
4.30000000e-01   7.28423164e-02
4.40000000e-01   7.44844646e-02
4.50000000e-01   7.61230744e-02
4.60000000e-01   7.77580698e-02
4.70000000e-01   7.93893749e-02
4.80000000e-01   8.10169143e-02
4.90000000e-01   8.26406127e-02
5.00000000e-01   8.42603951e-02
5.10000000e-01   8.58761870e-02
5.20000000e-01   8.74879141e-02
5.30000000e-01   8.90955023e-02
5.40000000e-01   9.06988780e-02
5.50000000e-01   9.22979680e-02
5.60000000e-01   9.38926991e-02
5.70000000e-01   9.54829988e-02
5.80000000e-01   9.70687947e-02
5.90000000e-01   9.86500150e-02
6.00000000e-01   1.00226588e-01
6.10000000e-01   1.01798443e-01
6.20000000e-01   1.03365508e-01
6.30000000e-01   1.04927713e-01
6.40000000e-01   1.06484989e-01
6.50000000e-01   1.08037265e-01
6.60000000e-01   1.09584472e-01
6.70000000e-01   1.11126541e-01
6.80000000e-01   1.12663404e-01
6.90000000e-01   1.14194992e-01
7.00000000e-01   1.15721238e-01
7.10000000e-01   1.17242075e-01
7.20000000e-01   1.18757436e-01
7.30000000e-01   1.20267254e-01
7.40000000e-01   1.21771463e-01
7.50000000e-01   1.23269998e-01
7.60000000e-01   1.24762793e-01
7.70000000e-01   1.26249785e-01
7.80000000e-01   1.27730908e-01
7.90000000e-01   1.29206099e-01
8.00000000e-01   1.30675294e-01
8.10000000e-01   1.32138431e-01
8.20000000e-01   1.33595448e-01
8.30000000e-01   1.35046282e-01
8.40000000e-01   1.36490872e-01
8.50000000e-01   1.37929157e-01
8.60000000e-01   1.39361076e-01
8.70000000e-01   1.40786570e-01
8.80000000e-01   1.42205580e-01
8.90000000e-01   1.43618045e-01
9.00000000e-01   1.45023908e-01
9.10000000e-01   1.46423110e-01
9.20000000e-01   1.47815595e-01
9.30000000e-01   1.49201305e-01
9.40000000e-01   1.50580183e-01
9.50000000e-01   1.51952175e-01
9.60000000e-01   1.53317224e-01
9.70000000e-01   1.54675275e-01
9.80000000e-01   1.56026274e-01
9.90000000e-01   1.57370168e-01
1.00000000e+00   1.58706903e-01
1.01000000e+00   1.60036427e-01
1.02000000e+00   1.61358687e-01
1.03000000e+00   1.62673631e-01
1.04000000e+00   1.63981209e-01
1.05000000e+00   1.65281369e-01
1.06000000e+00   1.66574063e-01
1.07000000e+00   1.67859241e-01
1.08000000e+00   1.69136853e-01
1.09000000e+00   1.70406852e-01
1.10000000e+00   1.71669189e-01
1.11000000e+00   1.72923818e-01
1.12000000e+00   1.74170693e-01
1.13000000e+00   1.75409766e-01
1.14000000e+00   1.76640994e-01
1.15000000e+00   1.77864330e-01
1.16000000e+00   1.79079731e-01
1.17000000e+00   1.80287153e-01
1.18000000e+00   1.81486553e-01
1.19000000e+00   1.82677889e-01
1.20000000e+00   1.83861119e-01
1.21000000e+00   1.85036201e-01
1.22000000e+00   1.86203095e-01
1.23000000e+00   1.87361760e-01
1.24000000e+00   1.88512158e-01
1.25000000e+00   1.89654250e-01
1.26000000e+00   1.90787997e-01
1.27000000e+00   1.91913361e-01
1.28000000e+00   1.93030306e-01
1.29000000e+00   1.94138796e-01
1.30000000e+00   1.95238793e-01
1.31000000e+00   1.96330264e-01
1.32000000e+00   1.97413174e-01
1.33000000e+00   1.98487489e-01
1.34000000e+00   1.99553175e-01
1.35000000e+00   2.00610199e-01
1.36000000e+00   2.01658531e-01
1.37000000e+00   2.02698138e-01
1.38000000e+00   2.03728989e-01
1.39000000e+00   2.04751055e-01
1.40000000e+00   2.05764305e-01
1.41000000e+00   2.06768711e-01
1.42000000e+00   2.07764245e-01
1.43000000e+00   2.08750878e-01
1.44000000e+00   2.09728584e-01
1.45000000e+00   2.10697337e-01
1.46000000e+00   2.11657111e-01
1.47000000e+00   2.12607879e-01
1.48000000e+00   2.13549619e-01
1.49000000e+00   2.14482306e-01
1.50000000e+00   2.15405917e-01
1.51000000e+00   2.16320429e-01
1.52000000e+00   2.17225821e-01
1.53000000e+00   2.18122070e-01
1.54000000e+00   2.19009157e-01
1.55000000e+00   2.19887061e-01
1.56000000e+00   2.20755763e-01
1.57000000e+00   2.21615245e-01
1.58000000e+00   2.22465487e-01
1.59000000e+00   2.23306472e-01
1.60000000e+00   2.24138184e-01
1.61000000e+00   2.24960607e-01
1.62000000e+00   2.25773724e-01
1.63000000e+00   2.26577521e-01
1.64000000e+00   2.27371983e-01
1.65000000e+00   2.28157097e-01
1.66000000e+00   2.28932850e-01
1.67000000e+00   2.29699229e-01
1.68000000e+00   2.30456222e-01
1.69000000e+00   2.31203819e-01
1.70000000e+00   2.31942009e-01
1.71000000e+00   2.32670781e-01
1.72000000e+00   2.33390127e-01
1.73000000e+00   2.34100038e-01
1.74000000e+00   2.34800505e-01
1.75000000e+00   2.35491522e-01
1.76000000e+00   2.36173082e-01
1.77000000e+00   2.36845179e-01
1.78000000e+00   2.37507806e-01
1.79000000e+00   2.38160960e-01
1.80000000e+00   2.38804635e-01
1.81000000e+00   2.39438829e-01
1.82000000e+00   2.40063537e-01
1.83000000e+00   2.40678759e-01
1.84000000e+00   2.41284491e-01
1.85000000e+00   2.41880733e-01
1.86000000e+00   2.42467484e-01
1.87000000e+00   2.43044744e-01
1.88000000e+00   2.43612513e-01
1.89000000e+00   2.44170794e-01
1.90000000e+00   2.44719587e-01
1.91000000e+00   2.45258895e-01
1.92000000e+00   2.45788722e-01
1.93000000e+00   2.46309070e-01
1.94000000e+00   2.46819944e-01
1.95000000e+00   2.47321349e-01
1.96000000e+00   2.47813290e-01
1.97000000e+00   2.48295773e-01
1.98000000e+00   2.48768805e-01
1.99000000e+00   2.49232393e-01
2.00000000e+00   2.49686544e-01
2.01000000e+00   2.50131267e-01
2.02000000e+00   2.50566571e-01
2.03000000e+00   2.50992465e-01
2.04000000e+00   2.51408960e-01
2.05000000e+00   2.51816065e-01
2.06000000e+00   2.52213792e-01
2.07000000e+00   2.52602153e-01
2.08000000e+00   2.52981160e-01
2.09000000e+00   2.53350826e-01
2.10000000e+00   2.53711164e-01
2.11000000e+00   2.54062189e-01
2.12000000e+00   2.54403914e-01
2.13000000e+00   2.54736354e-01
2.14000000e+00   2.55059527e-01
2.15000000e+00   2.55373446e-01
2.16000000e+00   2.55678130e-01
2.17000000e+00   2.55973595e-01
2.18000000e+00   2.56259859e-01
2.19000000e+00   2.56536940e-01
2.20000000e+00   2.56804857e-01
2.21000000e+00   2.57063630e-01
2.22000000e+00   2.57313278e-01
2.23000000e+00   2.57553821e-01
2.24000000e+00   2.57785280e-01
2.25000000e+00   2.58007678e-01
2.26000000e+00   2.58221034e-01
2.27000000e+00   2.58425372e-01
2.28000000e+00   2.58620715e-01
2.29000000e+00   2.58807086e-01
2.30000000e+00   2.58984509e-01
2.31000000e+00   2.59153008e-01
2.32000000e+00   2.59312607e-01
2.33000000e+00   2.59463333e-01
2.34000000e+00   2.59605210e-01
2.35000000e+00   2.59738266e-01
2.36000000e+00   2.59862526e-01
2.37000000e+00   2.59978018e-01
2.38000000e+00   2.60084769e-01
2.39000000e+00   2.60182808e-01
2.40000000e+00   2.60272163e-01
2.41000000e+00   2.60352862e-01
2.42000000e+00   2.60424936e-01
2.43000000e+00   2.60488414e-01
2.44000000e+00   2.60543326e-01
2.45000000e+00   2.60589703e-01
2.46000000e+00   2.60627576e-01
2.47000000e+00   2.60656977e-01
2.48000000e+00   2.60677937e-01
2.49000000e+00   2.60690489e-01
2.50000000e+00   2.60694665e-01
2.51000000e+00   2.60690500e-01
2.52000000e+00   2.60678026e-01
2.53000000e+00   2.60657277e-01
2.54000000e+00   2.60628288e-01
2.55000000e+00   2.60591093e-01
2.56000000e+00   2.60545728e-01
2.57000000e+00   2.60492228e-01
2.58000000e+00   2.60430629e-01
2.59000000e+00   2.60360967e-01
2.60000000e+00   2.60283279e-01
2.61000000e+00   2.60197601e-01
2.62000000e+00   2.60103972e-01
2.63000000e+00   2.60002429e-01
2.64000000e+00   2.59893009e-01
2.65000000e+00   2.59775752e-01
2.66000000e+00   2.59650696e-01
2.67000000e+00   2.59517879e-01
2.68000000e+00   2.59377342e-01
2.69000000e+00   2.59229124e-01
2.70000000e+00   2.59073265e-01
2.71000000e+00   2.58909806e-01
2.72000000e+00   2.58738787e-01
2.73000000e+00   2.58560248e-01
2.74000000e+00   2.58374232e-01
2.75000000e+00   2.58180780e-01
2.76000000e+00   2.57979934e-01
2.77000000e+00   2.57771735e-01
2.78000000e+00   2.57556227e-01
2.79000000e+00   2.57333452e-01
2.80000000e+00   2.57103453e-01
2.81000000e+00   2.56866273e-01
2.82000000e+00   2.56621955e-01
2.83000000e+00   2.56370545e-01
2.84000000e+00   2.56112084e-01
2.85000000e+00   2.55846619e-01
2.86000000e+00   2.55574193e-01
2.87000000e+00   2.55294851e-01
2.88000000e+00   2.55008638e-01
2.89000000e+00   2.54715600e-01
2.90000000e+00   2.54415781e-01
2.91000000e+00   2.54109228e-01
2.92000000e+00   2.53795987e-01
2.93000000e+00   2.53476103e-01
2.94000000e+00   2.53149623e-01
2.95000000e+00   2.52816593e-01
2.96000000e+00   2.52477060e-01
2.97000000e+00   2.52131072e-01
2.98000000e+00   2.51778675e-01
2.99000000e+00   2.51419916e-01
3.00000000e+00   2.51054843e-01
3.01000000e+00   2.50683504e-01
3.02000000e+00   2.50305947e-01
3.03000000e+00   2.49922219e-01
3.04000000e+00   2.49532369e-01
3.05000000e+00   2.49136445e-01
3.06000000e+00   2.48734495e-01
3.07000000e+00   2.48326568e-01
3.08000000e+00   2.47912714e-01
3.09000000e+00   2.47492980e-01
3.10000000e+00   2.47067416e-01
3.11000000e+00   2.46636071e-01
3.12000000e+00   2.46198994e-01
3.13000000e+00   2.45756235e-01
3.14000000e+00   2.45307844e-01
3.15000000e+00   2.44853869e-01
3.16000000e+00   2.44394361e-01
3.17000000e+00   2.43929370e-01
3.18000000e+00   2.43458945e-01
3.19000000e+00   2.42983136e-01
3.20000000e+00   2.42501995e-01
3.21000000e+00   2.42015570e-01
3.22000000e+00   2.41523913e-01
3.23000000e+00   2.41027073e-01
3.24000000e+00   2.40525101e-01
3.25000000e+00   2.40018049e-01
3.26000000e+00   2.39505965e-01
3.27000000e+00   2.38988901e-01
3.28000000e+00   2.38466908e-01
3.29000000e+00   2.37940036e-01
3.30000000e+00   2.37408336e-01
3.31000000e+00   2.36871859e-01
3.32000000e+00   2.36330656e-01
3.33000000e+00   2.35784778e-01
3.34000000e+00   2.35234275e-01
3.35000000e+00   2.34679199e-01
3.36000000e+00   2.34119601e-01
3.37000000e+00   2.33555531e-01
3.38000000e+00   2.32987041e-01
3.39000000e+00   2.32414182e-01
3.40000000e+00   2.31837005e-01
3.41000000e+00   2.31255560e-01
3.42000000e+00   2.30669898e-01
3.43000000e+00   2.30080072e-01
3.44000000e+00   2.29486131e-01
3.45000000e+00   2.28888127e-01
3.46000000e+00   2.28286111e-01
3.47000000e+00   2.27680133e-01
3.48000000e+00   2.27070245e-01
3.49000000e+00   2.26456498e-01
3.50000000e+00   2.25838941e-01
3.51000000e+00   2.25217627e-01
3.52000000e+00   2.24592605e-01
3.53000000e+00   2.23963927e-01
3.54000000e+00   2.23331643e-01
3.55000000e+00   2.22695803e-01
3.56000000e+00   2.22056459e-01
3.57000000e+00   2.21413661e-01
3.58000000e+00   2.20767459e-01
3.59000000e+00   2.20117904e-01
3.60000000e+00   2.19465045e-01
3.61000000e+00   2.18808933e-01
3.62000000e+00   2.18149619e-01
3.63000000e+00   2.17487151e-01
3.64000000e+00   2.16821581e-01
3.65000000e+00   2.16152958e-01
3.66000000e+00   2.15481331e-01
3.67000000e+00   2.14806750e-01
3.68000000e+00   2.14129266e-01
3.69000000e+00   2.13448927e-01
3.70000000e+00   2.12765782e-01
3.71000000e+00   2.12079881e-01
3.72000000e+00   2.11391274e-01
3.73000000e+00   2.10700008e-01
3.74000000e+00   2.10006134e-01
3.75000000e+00   2.09309699e-01
3.76000000e+00   2.08610752e-01
3.77000000e+00   2.07909342e-01
3.78000000e+00   2.07205517e-01
3.79000000e+00   2.06499325e-01
3.80000000e+00   2.05790815e-01
3.81000000e+00   2.05080035e-01
3.82000000e+00   2.04367031e-01
3.83000000e+00   2.03651852e-01
3.84000000e+00   2.02934546e-01
3.85000000e+00   2.02215159e-01
3.86000000e+00   2.01493739e-01
3.87000000e+00   2.00770333e-01
3.88000000e+00   2.00044988e-01
3.89000000e+00   1.99317750e-01
3.90000000e+00   1.98588666e-01
3.91000000e+00   1.97857782e-01
3.92000000e+00   1.97125145e-01
3.93000000e+00   1.96390800e-01
3.94000000e+00   1.95654794e-01
3.95000000e+00   1.94917171e-01
3.96000000e+00   1.94177978e-01
3.97000000e+00   1.93437260e-01
3.98000000e+00   1.92695061e-01
3.99000000e+00   1.91951427e-01
4.00000000e+00   1.91206403e-01
4.01000000e+00   1.90460032e-01
4.02000000e+00   1.89712360e-01
4.03000000e+00   1.88963430e-01
4.04000000e+00   1.88213286e-01
4.05000000e+00   1.87461972e-01
4.06000000e+00   1.86709531e-01
4.07000000e+00   1.85956007e-01
4.08000000e+00   1.85201443e-01
4.09000000e+00   1.84445882e-01
4.10000000e+00   1.83689366e-01
4.11000000e+00   1.82931937e-01
4.12000000e+00   1.82173638e-01
4.13000000e+00   1.81414512e-01
4.14000000e+00   1.80654599e-01
4.15000000e+00   1.79893941e-01
4.16000000e+00   1.79132580e-01
4.17000000e+00   1.78370556e-01
4.18000000e+00   1.77607911e-01
4.19000000e+00   1.76844685e-01
4.20000000e+00   1.76080918e-01
4.21000000e+00   1.75316651e-01
4.22000000e+00   1.74551924e-01
4.23000000e+00   1.73786775e-01
4.24000000e+00   1.73021246e-01
4.25000000e+00   1.72255374e-01
4.26000000e+00   1.71489199e-01
4.27000000e+00   1.70722760e-01
4.28000000e+00   1.69956094e-01
4.29000000e+00   1.69189241e-01
4.30000000e+00   1.68422238e-01
4.31000000e+00   1.67655123e-01
4.32000000e+00   1.66887933e-01
4.33000000e+00   1.66120706e-01
4.34000000e+00   1.65353478e-01
4.35000000e+00   1.64586287e-01
4.36000000e+00   1.63819168e-01
4.37000000e+00   1.63052158e-01
4.38000000e+00   1.62285292e-01
4.39000000e+00   1.61518608e-01
4.40000000e+00   1.60752139e-01
4.41000000e+00   1.59985921e-01
4.42000000e+00   1.59219989e-01
4.43000000e+00   1.58454377e-01
4.44000000e+00   1.57689120e-01
4.45000000e+00   1.56924253e-01
4.46000000e+00   1.56159808e-01
4.47000000e+00   1.55395819e-01
4.48000000e+00   1.54632320e-01
4.49000000e+00   1.53869344e-01
4.50000000e+00   1.53106923e-01
4.51000000e+00   1.52345091e-01
4.52000000e+00   1.51583878e-01
4.53000000e+00   1.50823317e-01
4.54000000e+00   1.50063440e-01
4.55000000e+00   1.49304278e-01
4.56000000e+00   1.48545863e-01
4.57000000e+00   1.47788224e-01
4.58000000e+00   1.47031393e-01
4.59000000e+00   1.46275401e-01
4.60000000e+00   1.45520276e-01
4.61000000e+00   1.44766049e-01
4.62000000e+00   1.44012749e-01
4.63000000e+00   1.43260406e-01
4.64000000e+00   1.42509048e-01
4.65000000e+00   1.41758704e-01
4.66000000e+00   1.41009403e-01
4.67000000e+00   1.40261172e-01
4.68000000e+00   1.39514039e-01
4.69000000e+00   1.38768033e-01
4.70000000e+00   1.38023179e-01
4.71000000e+00   1.37279506e-01
4.72000000e+00   1.36537039e-01
4.73000000e+00   1.35795806e-01
4.74000000e+00   1.35055832e-01
4.75000000e+00   1.34317143e-01
4.76000000e+00   1.33579766e-01
4.77000000e+00   1.32843724e-01
4.78000000e+00   1.32109044e-01
4.79000000e+00   1.31375750e-01
4.80000000e+00   1.30643866e-01
4.81000000e+00   1.29913418e-01
4.82000000e+00   1.29184428e-01
4.83000000e+00   1.28456920e-01
4.84000000e+00   1.27730918e-01
4.85000000e+00   1.27006445e-01
4.86000000e+00   1.26283523e-01
4.87000000e+00   1.25562176e-01
4.88000000e+00   1.24842426e-01
4.89000000e+00   1.24124293e-01
4.90000000e+00   1.23407802e-01
4.91000000e+00   1.22692972e-01
4.92000000e+00   1.21979824e-01
4.93000000e+00   1.21268381e-01
4.94000000e+00   1.20558662e-01
4.95000000e+00   1.19850688e-01
4.96000000e+00   1.19144479e-01
4.97000000e+00   1.18440055e-01
4.98000000e+00   1.17737435e-01
4.99000000e+00   1.17036639e-01
5.00000000e+00   1.16337685e-01
5.01000000e+00   1.15640593e-01
5.02000000e+00   1.14945380e-01
5.03000000e+00   1.14252066e-01
5.04000000e+00   1.13560667e-01
5.05000000e+00   1.12871203e-01
5.06000000e+00   1.12183689e-01
5.07000000e+00   1.11498144e-01
5.08000000e+00   1.10814584e-01
5.09000000e+00   1.10133025e-01
5.10000000e+00   1.09453485e-01
5.11000000e+00   1.08775979e-01
5.12000000e+00   1.08100523e-01
5.13000000e+00   1.07427133e-01
5.14000000e+00   1.06755824e-01
5.15000000e+00   1.06086611e-01
5.16000000e+00   1.05419508e-01
5.17000000e+00   1.04754531e-01
5.18000000e+00   1.04091694e-01
5.19000000e+00   1.03431010e-01
5.20000000e+00   1.02772494e-01
5.21000000e+00   1.02116159e-01
5.22000000e+00   1.01462019e-01
5.23000000e+00   1.00810085e-01
5.24000000e+00   1.00160372e-01
5.25000000e+00   9.95128919e-02
5.26000000e+00   9.88676565e-02
5.27000000e+00   9.82246782e-02
5.28000000e+00   9.75839686e-02
5.29000000e+00   9.69455395e-02
5.30000000e+00   9.63094020e-02
5.31000000e+00   9.56755674e-02
5.32000000e+00   9.50440463e-02
5.33000000e+00   9.44148495e-02
5.34000000e+00   9.37879872e-02
5.35000000e+00   9.31634696e-02
5.36000000e+00   9.25413065e-02
5.37000000e+00   9.19215076e-02
5.38000000e+00   9.13040824e-02
5.39000000e+00   9.06890399e-02
5.40000000e+00   9.00763893e-02
5.41000000e+00   8.94661391e-02
5.42000000e+00   8.88582978e-02
5.43000000e+00   8.82528739e-02
5.44000000e+00   8.76498752e-02
5.45000000e+00   8.70493096e-02
5.46000000e+00   8.64511847e-02
5.47000000e+00   8.58555079e-02
5.48000000e+00   8.52622864e-02
5.49000000e+00   8.46715270e-02
5.50000000e+00   8.40832365e-02
5.51000000e+00   8.34974214e-02
5.52000000e+00   8.29140879e-02
5.53000000e+00   8.23332423e-02
5.54000000e+00   8.17548902e-02
5.55000000e+00   8.11790374e-02
5.56000000e+00   8.06056894e-02
5.57000000e+00   8.00348512e-02
5.58000000e+00   7.94665281e-02
5.59000000e+00   7.89007248e-02
5.60000000e+00   7.83374458e-02
5.61000000e+00   7.77766958e-02
5.62000000e+00   7.72184787e-02
5.63000000e+00   7.66627988e-02
5.64000000e+00   7.61096598e-02
5.65000000e+00   7.55590652e-02
5.66000000e+00   7.50110187e-02
5.67000000e+00   7.44655233e-02
5.68000000e+00   7.39225822e-02
5.69000000e+00   7.33821982e-02
5.70000000e+00   7.28443739e-02
5.71000000e+00   7.23091119e-02
5.72000000e+00   7.17764144e-02
5.73000000e+00   7.12462836e-02
5.74000000e+00   7.07187213e-02
5.75000000e+00   7.01937293e-02
5.76000000e+00   6.96713093e-02
5.77000000e+00   6.91514625e-02
5.78000000e+00   6.86341901e-02
5.79000000e+00   6.81194933e-02
5.80000000e+00   6.76073729e-02
5.81000000e+00   6.70978296e-02
5.82000000e+00   6.65908638e-02
5.83000000e+00   6.60864760e-02
5.84000000e+00   6.55846663e-02
5.85000000e+00   6.50854347e-02
5.86000000e+00   6.45887812e-02
5.87000000e+00   6.40947053e-02
5.88000000e+00   6.36032067e-02
5.89000000e+00   6.31142846e-02
5.90000000e+00   6.26279383e-02
5.91000000e+00   6.21441669e-02
5.92000000e+00   6.16629692e-02
5.93000000e+00   6.11843440e-02
5.94000000e+00   6.07082899e-02
5.95000000e+00   6.02348053e-02
5.96000000e+00   5.97638885e-02
5.97000000e+00   5.92955377e-02
5.98000000e+00   5.88297509e-02
5.99000000e+00   5.83665259e-02
6.00000000e+00   5.79058604e-02
6.01000000e+00   5.74477521e-02
6.02000000e+00   5.69921983e-02
6.03000000e+00   5.65391963e-02
6.04000000e+00   5.60887433e-02
6.05000000e+00   5.56408364e-02
6.06000000e+00   5.51954723e-02
6.07000000e+00   5.47526479e-02
6.08000000e+00   5.43123598e-02
6.09000000e+00   5.38746045e-02
6.10000000e+00   5.34393784e-02
6.11000000e+00   5.30066777e-02
6.12000000e+00   5.25764985e-02
6.13000000e+00   5.21488368e-02
6.14000000e+00   5.17236885e-02
6.15000000e+00   5.13010494e-02
6.16000000e+00   5.08809151e-02
6.17000000e+00   5.04632811e-02
6.18000000e+00   5.00481428e-02
6.19000000e+00   4.96354955e-02
6.20000000e+00   4.92253344e-02
6.21000000e+00   4.88176546e-02
6.22000000e+00   4.84124510e-02
6.23000000e+00   4.80097185e-02
6.24000000e+00   4.76094518e-02
6.25000000e+00   4.72116456e-02
6.26000000e+00   4.68162943e-02
6.27000000e+00   4.64233925e-02
6.28000000e+00   4.60329345e-02
6.29000000e+00   4.56449144e-02
6.30000000e+00   4.52593265e-02
6.31000000e+00   4.48761648e-02
6.32000000e+00   4.44954232e-02
6.33000000e+00   4.41170956e-02
6.34000000e+00   4.37411757e-02
6.35000000e+00   4.33676573e-02
6.36000000e+00   4.29965338e-02
6.37000000e+00   4.26277989e-02
6.38000000e+00   4.22614458e-02
6.39000000e+00   4.18974680e-02
6.40000000e+00   4.15358586e-02
6.41000000e+00   4.11766108e-02
6.42000000e+00   4.08197178e-02
6.43000000e+00   4.04651724e-02
6.44000000e+00   4.01129677e-02
6.45000000e+00   3.97630964e-02
6.46000000e+00   3.94155514e-02
6.47000000e+00   3.90703253e-02
6.48000000e+00   3.87274107e-02
6.49000000e+00   3.83868003e-02
6.50000000e+00   3.80484864e-02
6.51000000e+00   3.77124615e-02
6.52000000e+00   3.73787179e-02
6.53000000e+00   3.70472480e-02
6.54000000e+00   3.67180438e-02
6.55000000e+00   3.63910977e-02
6.56000000e+00   3.60664016e-02
6.57000000e+00   3.57439477e-02
6.58000000e+00   3.54237278e-02
6.59000000e+00   3.51057339e-02
6.60000000e+00   3.47899578e-02
6.61000000e+00   3.44763913e-02
6.62000000e+00   3.41650262e-02
6.63000000e+00   3.38558542e-02
6.64000000e+00   3.35488669e-02
6.65000000e+00   3.32440559e-02
6.66000000e+00   3.29414127e-02
6.67000000e+00   3.26409288e-02
6.68000000e+00   3.23425957e-02
6.69000000e+00   3.20464047e-02
6.70000000e+00   3.17523473e-02
6.71000000e+00   3.14604146e-02
6.72000000e+00   3.11705981e-02
6.73000000e+00   3.08828888e-02
6.74000000e+00   3.05972780e-02
6.75000000e+00   3.03137569e-02
6.76000000e+00   3.00323164e-02
6.77000000e+00   2.97529478e-02
6.78000000e+00   2.94756420e-02
6.79000000e+00   2.92003901e-02
6.80000000e+00   2.89271829e-02
6.81000000e+00   2.86560115e-02
6.82000000e+00   2.83868667e-02
6.83000000e+00   2.81197394e-02
6.84000000e+00   2.78546205e-02
6.85000000e+00   2.75915007e-02
6.86000000e+00   2.73303708e-02
6.87000000e+00   2.70712217e-02
6.88000000e+00   2.68140440e-02
6.89000000e+00   2.65588284e-02
6.90000000e+00   2.63055656e-02
6.91000000e+00   2.60542464e-02
6.92000000e+00   2.58048613e-02
6.93000000e+00   2.55574009e-02
6.94000000e+00   2.53118560e-02
6.95000000e+00   2.50682169e-02
6.96000000e+00   2.48264744e-02
6.97000000e+00   2.45866190e-02
6.98000000e+00   2.43486412e-02
6.99000000e+00   2.41125315e-02
7.00000000e+00   2.38782804e-02
7.01000000e+00   2.36458785e-02
7.02000000e+00   2.34153161e-02
7.03000000e+00   2.31865839e-02
7.04000000e+00   2.29596723e-02
7.05000000e+00   2.27345716e-02
7.06000000e+00   2.25112724e-02
7.07000000e+00   2.22897650e-02
7.08000000e+00   2.20700400e-02
7.09000000e+00   2.18520878e-02
7.10000000e+00   2.16358987e-02
7.11000000e+00   2.14214631e-02
7.12000000e+00   2.12087716e-02
7.13000000e+00   2.09978145e-02
7.14000000e+00   2.07885822e-02
7.15000000e+00   2.05810651e-02
7.16000000e+00   2.03752536e-02
7.17000000e+00   2.01711382e-02
7.18000000e+00   1.99687092e-02
7.19000000e+00   1.97679571e-02
7.20000000e+00   1.95688722e-02
7.21000000e+00   1.93714451e-02
7.22000000e+00   1.91756660e-02
7.23000000e+00   1.89815255e-02
7.24000000e+00   1.87890139e-02
7.25000000e+00   1.85981218e-02
7.26000000e+00   1.84088395e-02
7.27000000e+00   1.82211575e-02
7.28000000e+00   1.80350663e-02
7.29000000e+00   1.78505563e-02
7.30000000e+00   1.76676180e-02
7.31000000e+00   1.74862420e-02
7.32000000e+00   1.73064187e-02
7.33000000e+00   1.71281386e-02
7.34000000e+00   1.69513922e-02
7.35000000e+00   1.67761702e-02
7.36000000e+00   1.66024630e-02
7.37000000e+00   1.64302612e-02
7.38000000e+00   1.62595555e-02
7.39000000e+00   1.60903363e-02
7.40000000e+00   1.59225943e-02
7.41000000e+00   1.57563202e-02
7.42000000e+00   1.55915045e-02
7.43000000e+00   1.54281380e-02
7.44000000e+00   1.52662113e-02
7.45000000e+00   1.51057151e-02
7.46000000e+00   1.49466402e-02
7.47000000e+00   1.47889773e-02
7.48000000e+00   1.46327171e-02
7.49000000e+00   1.44778504e-02
7.50000000e+00   1.43243681e-02
7.51000000e+00   1.41722608e-02
7.52000000e+00   1.40215196e-02
7.53000000e+00   1.38721352e-02
7.54000000e+00   1.37240986e-02
7.55000000e+00   1.35774006e-02
7.56000000e+00   1.34320322e-02
7.57000000e+00   1.32879843e-02
7.58000000e+00   1.31452480e-02
7.59000000e+00   1.30038142e-02
7.60000000e+00   1.28636740e-02
7.61000000e+00   1.27248185e-02
7.62000000e+00   1.25872387e-02
7.63000000e+00   1.24509257e-02
7.64000000e+00   1.23158707e-02
7.65000000e+00   1.21820648e-02
7.66000000e+00   1.20494993e-02
7.67000000e+00   1.19181654e-02
7.68000000e+00   1.17880543e-02
7.69000000e+00   1.16591574e-02
7.70000000e+00   1.15314658e-02
7.71000000e+00   1.14049710e-02
7.72000000e+00   1.12796644e-02
7.73000000e+00   1.11555372e-02
7.74000000e+00   1.10325811e-02
7.75000000e+00   1.09107874e-02
7.76000000e+00   1.07901476e-02
7.77000000e+00   1.06706533e-02
7.78000000e+00   1.05522960e-02
7.79000000e+00   1.04350673e-02
7.80000000e+00   1.03189588e-02
7.81000000e+00   1.02039621e-02
7.82000000e+00   1.00900691e-02
7.83000000e+00   9.97727130e-03
7.84000000e+00   9.86556056e-03
7.85000000e+00   9.75492863e-03
7.86000000e+00   9.64536735e-03
7.87000000e+00   9.53686856e-03
7.88000000e+00   9.42942416e-03
7.89000000e+00   9.32302607e-03
7.90000000e+00   9.21766624e-03
7.91000000e+00   9.11333666e-03
7.92000000e+00   9.01002938e-03
7.93000000e+00   8.90773644e-03
7.94000000e+00   8.80644995e-03
7.95000000e+00   8.70616204e-03
7.96000000e+00   8.60686488e-03
7.97000000e+00   8.50855067e-03
7.98000000e+00   8.41121166e-03
7.99000000e+00   8.31484013e-03
8.00000000e+00   8.21942839e-03
8.01000000e+00   8.12496879e-03
8.02000000e+00   8.03145372e-03
8.03000000e+00   7.93887561e-03
8.04000000e+00   7.84722691e-03
8.05000000e+00   7.75650013e-03
8.06000000e+00   7.66668779e-03
8.07000000e+00   7.57778248e-03
8.08000000e+00   7.48977681e-03
8.09000000e+00   7.40266342e-03
8.10000000e+00   7.31643500e-03
8.11000000e+00   7.23108428e-03
8.12000000e+00   7.14660401e-03
8.13000000e+00   7.06298700e-03
8.14000000e+00   6.98022608e-03
8.15000000e+00   6.89831414e-03
8.16000000e+00   6.81724407e-03
8.17000000e+00   6.73700885e-03
8.18000000e+00   6.65760145e-03
8.19000000e+00   6.57901491e-03
8.20000000e+00   6.50124229e-03
8.21000000e+00   6.42427671e-03
8.22000000e+00   6.34811130e-03
8.23000000e+00   6.27273925e-03
8.24000000e+00   6.19815378e-03
8.25000000e+00   6.12434815e-03
8.26000000e+00   6.05131567e-03
8.27000000e+00   5.97904966e-03
8.28000000e+00   5.90754351e-03
8.29000000e+00   5.83679063e-03
8.30000000e+00   5.76678447e-03
8.31000000e+00   5.69751853e-03
8.32000000e+00   5.62898635e-03
8.33000000e+00   5.56118148e-03
8.34000000e+00   5.49409755e-03
8.35000000e+00   5.42772819e-03
8.36000000e+00   5.36206710e-03
8.37000000e+00   5.29710800e-03
8.38000000e+00   5.23284465e-03
8.39000000e+00   5.16927087e-03
8.40000000e+00   5.10638048e-03
8.41000000e+00   5.04416737e-03
8.42000000e+00   4.98262547e-03
8.43000000e+00   4.92174872e-03
8.44000000e+00   4.86153113e-03
8.45000000e+00   4.80196672e-03
8.46000000e+00   4.74304958e-03
8.47000000e+00   4.68477381e-03
8.48000000e+00   4.62713357e-03
8.49000000e+00   4.57012303e-03
8.50000000e+00   4.51373644e-03
8.51000000e+00   4.45796805e-03
8.52000000e+00   4.40281217e-03
8.53000000e+00   4.34826314e-03
8.54000000e+00   4.29431534e-03
8.55000000e+00   4.24096318e-03
8.56000000e+00   4.18820113e-03
8.57000000e+00   4.13602367e-03
8.58000000e+00   4.08442533e-03
8.59000000e+00   4.03340068e-03
8.60000000e+00   3.98294434e-03
8.61000000e+00   3.93305094e-03
8.62000000e+00   3.88371516e-03
8.63000000e+00   3.83493172e-03
8.64000000e+00   3.78669539e-03
8.65000000e+00   3.73900094e-03
8.66000000e+00   3.69184321e-03
8.67000000e+00   3.64521707e-03
8.68000000e+00   3.59911742e-03
8.69000000e+00   3.55353920e-03
8.70000000e+00   3.50847739e-03
8.71000000e+00   3.46392700e-03
8.72000000e+00   3.41988308e-03
8.73000000e+00   3.37634072e-03
8.74000000e+00   3.33329504e-03
8.75000000e+00   3.29074120e-03
8.76000000e+00   3.24867438e-03
8.77000000e+00   3.20708984e-03
8.78000000e+00   3.16598282e-03
8.79000000e+00   3.12534863e-03
8.80000000e+00   3.08518261e-03
8.81000000e+00   3.04548013e-03
8.82000000e+00   3.00623660e-03
8.83000000e+00   2.96744746e-03
8.84000000e+00   2.92910819e-03
8.85000000e+00   2.89121430e-03
8.86000000e+00   2.85376134e-03
8.87000000e+00   2.81674489e-03
8.88000000e+00   2.78016057e-03
8.89000000e+00   2.74400402e-03
8.90000000e+00   2.70827094e-03
8.91000000e+00   2.67295705e-03
8.92000000e+00   2.63805809e-03
8.93000000e+00   2.60356985e-03
8.94000000e+00   2.56948815e-03
8.95000000e+00   2.53580885e-03
8.96000000e+00   2.50252783e-03
8.97000000e+00   2.46964102e-03
8.98000000e+00   2.43714436e-03
8.99000000e+00   2.40503384e-03
9.00000000e+00   2.37330549e-03
9.01000000e+00   2.34195535e-03
9.02000000e+00   2.31097950e-03
9.03000000e+00   2.28037407e-03
9.04000000e+00   2.25013519e-03
9.05000000e+00   2.22025906e-03
9.06000000e+00   2.19074188e-03
9.07000000e+00   2.16157990e-03
9.08000000e+00   2.13276939e-03
9.09000000e+00   2.10430666e-03
9.10000000e+00   2.07618804e-03
9.11000000e+00   2.04840991e-03
9.12000000e+00   2.02096866e-03
9.13000000e+00   1.99386072e-03
9.14000000e+00   1.96708256e-03
9.15000000e+00   1.94063067e-03
9.16000000e+00   1.91450156e-03
9.17000000e+00   1.88869179e-03
9.18000000e+00   1.86319793e-03
9.19000000e+00   1.83801661e-03
9.20000000e+00   1.81314446e-03
9.21000000e+00   1.78857815e-03
9.22000000e+00   1.76431438e-03
9.23000000e+00   1.74034988e-03
9.24000000e+00   1.71668141e-03
9.25000000e+00   1.69330574e-03
9.26000000e+00   1.67021970e-03
9.27000000e+00   1.64742013e-03
9.28000000e+00   1.62490390e-03
9.29000000e+00   1.60266790e-03
9.30000000e+00   1.58070907e-03
9.31000000e+00   1.55902436e-03
9.32000000e+00   1.53761076e-03
9.33000000e+00   1.51646526e-03
9.34000000e+00   1.49558492e-03
9.35000000e+00   1.47496678e-03
9.36000000e+00   1.45460795e-03
9.37000000e+00   1.43450555e-03
9.38000000e+00   1.41465670e-03
9.39000000e+00   1.39505860e-03
9.40000000e+00   1.37570842e-03
9.41000000e+00   1.35660341e-03
9.42000000e+00   1.33774079e-03
9.43000000e+00   1.31911786e-03
9.44000000e+00   1.30073190e-03
9.45000000e+00   1.28258025e-03
9.46000000e+00   1.26466025e-03
9.47000000e+00   1.24696928e-03
9.48000000e+00   1.22950475e-03
9.49000000e+00   1.21226406e-03
9.50000000e+00   1.19524469e-03
9.51000000e+00   1.17844409e-03
9.52000000e+00   1.16185977e-03
9.53000000e+00   1.14548926e-03
9.54000000e+00   1.12933009e-03
9.55000000e+00   1.11337983e-03
9.56000000e+00   1.09763608e-03
9.57000000e+00   1.08209647e-03
9.58000000e+00   1.06675861e-03
9.59000000e+00   1.05162019e-03
9.60000000e+00   1.03667889e-03
9.61000000e+00   1.02193240e-03
9.62000000e+00   1.00737848e-03
9.63000000e+00   9.93014862e-04
9.64000000e+00   9.78839331e-04
9.65000000e+00   9.64849683e-04
9.66000000e+00   9.51043738e-04
9.67000000e+00   9.37419338e-04
9.68000000e+00   9.23974345e-04
9.69000000e+00   9.10706645e-04
9.70000000e+00   8.97614143e-04
9.71000000e+00   8.84694765e-04
9.72000000e+00   8.71946461e-04
9.73000000e+00   8.59367198e-04
9.74000000e+00   8.46954965e-04
9.75000000e+00   8.34707772e-04
9.76000000e+00   8.22623650e-04
9.77000000e+00   8.10700648e-04
9.78000000e+00   7.98936836e-04
9.79000000e+00   7.87330305e-04
9.80000000e+00   7.75879164e-04
9.81000000e+00   7.64581541e-04
9.82000000e+00   7.53435586e-04
9.83000000e+00   7.42439466e-04
9.84000000e+00   7.31591367e-04
9.85000000e+00   7.20889496e-04
9.86000000e+00   7.10332076e-04
9.87000000e+00   6.99917352e-04
9.88000000e+00   6.89643583e-04
9.89000000e+00   6.79509049e-04
9.90000000e+00   6.69512049e-04
9.91000000e+00   6.59650899e-04
9.92000000e+00   6.49923931e-04
9.93000000e+00   6.40329497e-04
9.94000000e+00   6.30865967e-04
9.95000000e+00   6.21531726e-04
9.96000000e+00   6.12325177e-04
9.97000000e+00   6.03244743e-04
9.98000000e+00   5.94288859e-04
9.99000000e+00   5.85455981e-04
1.00000000e+01   5.76744579e-04
1.00100000e+01   5.68153142e-04
1.00200000e+01   5.59680173e-04
1.00300000e+01   5.51324193e-04
1.00400000e+01   5.43083737e-04
1.00500000e+01   5.34957358e-04
1.00600000e+01   5.26943625e-04
1.00700000e+01   5.19041121e-04
1.00800000e+01   5.11248446e-04
1.00900000e+01   5.03564214e-04
1.01000000e+01   4.95987056e-04
1.01100000e+01   4.88515616e-04
1.01200000e+01   4.81148555e-04
1.01300000e+01   4.73884549e-04
1.01400000e+01   4.66722286e-04
1.01500000e+01   4.59660471e-04
1.01600000e+01   4.52697824e-04
1.01700000e+01   4.45833077e-04
1.01800000e+01   4.39064978e-04
1.01900000e+01   4.32392289e-04
1.02000000e+01   4.25813785e-04
1.02100000e+01   4.19328255e-04
1.02200000e+01   4.12934502e-04
1.02300000e+01   4.06631344e-04
1.02400000e+01   4.00417609e-04
1.02500000e+01   3.94292142e-04
1.02600000e+01   3.88253798e-04
1.02700000e+01   3.82301448e-04
1.02800000e+01   3.76433975e-04
1.02900000e+01   3.70650272e-04
1.03000000e+01   3.64949249e-04
1.03100000e+01   3.59329826e-04
1.03200000e+01   3.53790937e-04
1.03300000e+01   3.48331526e-04
1.03400000e+01   3.42950552e-04
1.03500000e+01   3.37646984e-04
1.03600000e+01   3.32419805e-04
1.03700000e+01   3.27268007e-04
1.03800000e+01   3.22190596e-04
1.03900000e+01   3.17186589e-04
1.04000000e+01   3.12255016e-04
1.04100000e+01   3.07394915e-04
1.04200000e+01   3.02605338e-04
1.04300000e+01   2.97885348e-04
1.04400000e+01   2.93234018e-04
1.04500000e+01   2.88650434e-04
1.04600000e+01   2.84133689e-04
1.04700000e+01   2.79682891e-04
1.04800000e+01   2.75297157e-04
1.04900000e+01   2.70975613e-04
1.05000000e+01   2.66717398e-04
1.05100000e+01   2.62521659e-04
1.05200000e+01   2.58387556e-04
1.05300000e+01   2.54314256e-04
1.05400000e+01   2.50300939e-04
1.05500000e+01   2.46346792e-04
1.05600000e+01   2.42451013e-04
1.05700000e+01   2.38612812e-04
1.05800000e+01   2.34831405e-04
1.05900000e+01   2.31106020e-04
1.06000000e+01   2.27435892e-04
1.06100000e+01   2.23820269e-04
1.06200000e+01   2.20258404e-04
1.06300000e+01   2.16749563e-04
1.06400000e+01   2.13293017e-04
1.06500000e+01   2.09888051e-04
1.06600000e+01   2.06533954e-04
1.06700000e+01   2.03230026e-04
1.06800000e+01   1.99975576e-04
1.06900000e+01   1.96769921e-04
1.07000000e+01   1.93612385e-04
1.07100000e+01   1.90502304e-04
1.07200000e+01   1.87439019e-04
1.07300000e+01   1.84421881e-04
1.07400000e+01   1.81450247e-04
1.07500000e+01   1.78523485e-04
1.07600000e+01   1.75640969e-04
1.07700000e+01   1.72802081e-04
1.07800000e+01   1.70006211e-04
1.07900000e+01   1.67252757e-04
1.08000000e+01   1.64541125e-04
1.08100000e+01   1.61870727e-04
1.08200000e+01   1.59240984e-04
1.08300000e+01   1.56651324e-04
1.08400000e+01   1.54101180e-04
1.08500000e+01   1.51589997e-04
1.08600000e+01   1.49117222e-04
1.08700000e+01   1.46682312e-04
1.08800000e+01   1.44284731e-04
1.08900000e+01   1.41923949e-04
1.09000000e+01   1.39599442e-04
1.09100000e+01   1.37310695e-04
1.09200000e+01   1.35057198e-04
1.09300000e+01   1.32838447e-04
1.09400000e+01   1.30653947e-04
1.09500000e+01   1.28503207e-04
1.09600000e+01   1.26385744e-04
1.09700000e+01   1.24301079e-04
1.09800000e+01   1.22248742e-04
1.09900000e+01   1.20228269e-04
1.10000000e+01   1.18239198e-04
1.10100000e+01   1.16281079e-04
1.10200000e+01   1.14353464e-04
1.10300000e+01   1.12455911e-04
1.10400000e+01   1.10587985e-04
1.10500000e+01   1.08749257e-04
1.10600000e+01   1.06939302e-04
1.10700000e+01   1.05157703e-04
1.10800000e+01   1.03404046e-04
1.10900000e+01   1.01677924e-04
1.11000000e+01   9.99789350e-05
1.11100000e+01   9.83066828e-05
1.11200000e+01   9.66607760e-05
1.11300000e+01   9.50408283e-05
1.11400000e+01   9.34464589e-05
1.11500000e+01   9.18772919e-05
1.11600000e+01   9.03329567e-05
1.11700000e+01   8.88130873e-05
1.11800000e+01   8.73173229e-05
1.11900000e+01   8.58453076e-05
1.12000000e+01   8.43966901e-05
1.12100000e+01   8.29711239e-05
1.12200000e+01   8.15682673e-05
1.12300000e+01   8.01877832e-05
1.12400000e+01   7.88293390e-05
1.12500000e+01   7.74926067e-05
1.12600000e+01   7.61772627e-05
1.12700000e+01   7.48829879e-05
1.12800000e+01   7.36094675e-05
1.12900000e+01   7.23563910e-05
1.13000000e+01   7.11234522e-05
1.13100000e+01   6.99103492e-05
1.13200000e+01   6.87167840e-05
1.13300000e+01   6.75424629e-05
1.13400000e+01   6.63870962e-05
1.13500000e+01   6.52503982e-05
1.13600000e+01   6.41320872e-05
1.13700000e+01   6.30318852e-05
1.13800000e+01   6.19495184e-05
1.13900000e+01   6.08847165e-05
1.14000000e+01   5.98372131e-05
1.14100000e+01   5.88067456e-05
1.14200000e+01   5.77930548e-05
1.14300000e+01   5.67958854e-05
1.14400000e+01   5.58149855e-05
1.14500000e+01   5.48501069e-05
1.14600000e+01   5.39010046e-05
1.14700000e+01   5.29674374e-05
1.14800000e+01   5.20491673e-05
1.14900000e+01   5.11459596e-05
1.15000000e+01   5.02575830e-05
1.15100000e+01   4.93838095e-05
1.15200000e+01   4.85244144e-05
1.15300000e+01   4.76791759e-05
1.15400000e+01   4.68478758e-05
1.15500000e+01   4.60302985e-05
1.15600000e+01   4.52262318e-05
1.15700000e+01   4.44354665e-05
1.15800000e+01   4.36577964e-05
1.15900000e+01   4.28930180e-05
1.16000000e+01   4.21409311e-05
1.16100000e+01   4.14013381e-05
1.16200000e+01   4.06740443e-05
1.16300000e+01   3.99588579e-05
1.16400000e+01   3.92555897e-05
1.16500000e+01   3.85640535e-05
1.16600000e+01   3.78840654e-05
1.16700000e+01   3.72154446e-05
1.16800000e+01   3.65580125e-05
1.16900000e+01   3.59115935e-05
1.17000000e+01   3.52760142e-05
1.17100000e+01   3.46511039e-05
1.17200000e+01   3.40366944e-05
1.17300000e+01   3.34326199e-05
1.17400000e+01   3.28387171e-05
1.17500000e+01   3.22548250e-05
1.17600000e+01   3.16807851e-05
1.17700000e+01   3.11164409e-05
1.17800000e+01   3.05616386e-05
1.17900000e+01   3.00162265e-05
1.18000000e+01   2.94800551e-05
1.18100000e+01   2.89529771e-05
1.18200000e+01   2.84348475e-05
1.18300000e+01   2.79255233e-05
1.18400000e+01   2.74248637e-05
1.18500000e+01   2.69327299e-05
1.18600000e+01   2.64489854e-05
1.18700000e+01   2.59734955e-05
1.18800000e+01   2.55061275e-05
1.18900000e+01   2.50467509e-05
1.19000000e+01   2.45952370e-05
1.19100000e+01   2.41514589e-05
1.19200000e+01   2.37152919e-05
1.19300000e+01   2.32866129e-05
1.19400000e+01   2.28653008e-05
1.19500000e+01   2.24512363e-05
1.19600000e+01   2.20443020e-05
1.19700000e+01   2.16443819e-05
1.19800000e+01   2.12513622e-05
1.19900000e+01   2.08651306e-05
1.20000000e+01   2.04855765e-05
1.20100000e+01   2.01125911e-05
1.20200000e+01   1.97460670e-05
1.20300000e+01   1.93858988e-05
1.20400000e+01   1.90319823e-05
1.20500000e+01   1.86842153e-05
1.20600000e+01   1.83424968e-05
1.20700000e+01   1.80067275e-05
1.20800000e+01   1.76768098e-05
1.20900000e+01   1.73526472e-05
1.21000000e+01   1.70341450e-05
1.21100000e+01   1.67212098e-05
1.21200000e+01   1.64137498e-05
1.21300000e+01   1.61116744e-05
1.21400000e+01   1.58148946e-05
1.21500000e+01   1.55233226e-05
1.21600000e+01   1.52368720e-05
1.21700000e+01   1.49554579e-05
1.21800000e+01   1.46789966e-05
1.21900000e+01   1.44074056e-05
1.22000000e+01   1.41406037e-05
1.22100000e+01   1.38785113e-05
1.22200000e+01   1.36210496e-05
1.22300000e+01   1.33681412e-05
1.22400000e+01   1.31197100e-05
1.22500000e+01   1.28756811e-05
1.22600000e+01   1.26359805e-05
1.22700000e+01   1.24005356e-05
1.22800000e+01   1.21692749e-05
1.22900000e+01   1.19421281e-05
1.23000000e+01   1.17190259e-05
1.23100000e+01   1.14999001e-05
1.23200000e+01   1.12846835e-05
1.23300000e+01   1.10733102e-05
1.23400000e+01   1.08657151e-05
1.23500000e+01   1.06618342e-05
1.23600000e+01   1.04616047e-05
1.23700000e+01   1.02649645e-05
1.23800000e+01   1.00718527e-05
1.23900000e+01   9.88220931e-06
1.24000000e+01   9.69597526e-06
1.24100000e+01   9.51309247e-06
1.24200000e+01   9.33350376e-06
1.24300000e+01   9.15715289e-06
1.24400000e+01   8.98398450e-06
1.24500000e+01   8.81394414e-06
1.24600000e+01   8.64697820e-06
1.24700000e+01   8.48303397e-06
1.24800000e+01   8.32205957e-06
1.24900000e+01   8.16400396e-06
1.25000000e+01   8.00881692e-06
1.25100000e+01   7.85644905e-06
1.25200000e+01   7.70685175e-06
1.25300000e+01   7.55997720e-06
1.25400000e+01   7.41577836e-06
1.25500000e+01   7.27420894e-06
1.25600000e+01   7.13522344e-06
1.25700000e+01   6.99877706e-06
1.25800000e+01   6.86482575e-06
1.25900000e+01   6.73332618e-06
1.26000000e+01   6.60423572e-06
1.26100000e+01   6.47751245e-06
1.26200000e+01   6.35311512e-06
1.26300000e+01   6.23100317e-06
1.26400000e+01   6.11113669e-06
1.26500000e+01   5.99347646e-06
1.26600000e+01   5.87798386e-06
1.26700000e+01   5.76462094e-06
1.26800000e+01   5.65335036e-06
1.26900000e+01   5.54413541e-06
1.27000000e+01   5.43693998e-06
1.27100000e+01   5.33172855e-06
1.27200000e+01   5.22846619e-06
1.27300000e+01   5.12711856e-06
1.27400000e+01   5.02765190e-06
1.27500000e+01   4.93003298e-06
1.27600000e+01   4.83422914e-06
1.27700000e+01   4.74020828e-06
1.27800000e+01   4.64793881e-06
1.27900000e+01   4.55738968e-06
1.28000000e+01   4.46853036e-06
1.28100000e+01   4.38133083e-06
1.28200000e+01   4.29576158e-06
1.28300000e+01   4.21179357e-06
1.28400000e+01   4.12939829e-06
1.28500000e+01   4.04854767e-06
1.28600000e+01   3.96921413e-06
1.28700000e+01   3.89137057e-06
1.28800000e+01   3.81499031e-06
1.28900000e+01   3.74004716e-06
1.29000000e+01   3.66651536e-06
1.29100000e+01   3.59436956e-06
1.29200000e+01   3.52358488e-06
1.29300000e+01   3.45413684e-06
1.29400000e+01   3.38600139e-06
1.29500000e+01   3.31915487e-06
1.29600000e+01   3.25357404e-06
1.29700000e+01   3.18923604e-06
1.29800000e+01   3.12611843e-06
1.29900000e+01   3.06419912e-06
1.30000000e+01   3.00345641e-06
1.30100000e+01   2.94386899e-06
1.30200000e+01   2.88541588e-06
1.30300000e+01   2.82807649e-06
1.30400000e+01   2.77183058e-06
1.30500000e+01   2.71665825e-06
1.30600000e+01   2.66253993e-06
1.30700000e+01   2.60945642e-06
1.30800000e+01   2.55738883e-06
1.30900000e+01   2.50631861e-06
1.31000000e+01   2.45622750e-06
1.31100000e+01   2.40709759e-06
1.31200000e+01   2.35891128e-06
1.31300000e+01   2.31165124e-06
1.31400000e+01   2.26530049e-06
1.31500000e+01   2.21984231e-06
1.31600000e+01   2.17526029e-06
1.31700000e+01   2.13153829e-06
1.31800000e+01   2.08866046e-06
1.31900000e+01   2.04661124e-06
1.32000000e+01   2.00537532e-06
1.32100000e+01   1.96493767e-06
1.32200000e+01   1.92528352e-06
1.32300000e+01   1.88639836e-06
1.32400000e+01   1.84826795e-06
1.32500000e+01   1.81087827e-06
1.32600000e+01   1.77421557e-06
1.32700000e+01   1.73826633e-06
1.32800000e+01   1.70301728e-06
1.32900000e+01   1.66845538e-06
1.33000000e+01   1.63456782e-06
1.33100000e+01   1.60134202e-06
1.33200000e+01   1.56876560e-06
1.33300000e+01   1.53682644e-06
1.33400000e+01   1.50551261e-06
1.33500000e+01   1.47481239e-06
1.33600000e+01   1.44471428e-06
1.33700000e+01   1.41520698e-06
1.33800000e+01   1.38627939e-06
1.33900000e+01   1.35792061e-06
1.34000000e+01   1.33011993e-06
1.34100000e+01   1.30286685e-06
1.34200000e+01   1.27615103e-06
1.34300000e+01   1.24996233e-06
1.34400000e+01   1.22429080e-06
1.34500000e+01   1.19912666e-06
1.34600000e+01   1.17446031e-06
1.34700000e+01   1.15028231e-06
1.34800000e+01   1.12658340e-06
1.34900000e+01   1.10335449e-06
1.35000000e+01   1.08058665e-06
1.35100000e+01   1.05827112e-06
1.35200000e+01   1.03639928e-06
1.35300000e+01   1.01496268e-06
1.35400000e+01   9.93953030e-07
1.35500000e+01   9.73362169e-07
1.35600000e+01   9.53182101e-07
1.35700000e+01   9.33404970e-07
1.35800000e+01   9.14023065e-07
1.35900000e+01   8.95028814e-07
1.36000000e+01   8.76414784e-07
1.36100000e+01   8.58173678e-07
1.36200000e+01   8.40298331e-07
1.36300000e+01   8.22781711e-07
1.36400000e+01   8.05616914e-07
1.36500000e+01   7.88797162e-07
1.36600000e+01   7.72315804e-07
1.36700000e+01   7.56166307e-07
1.36800000e+01   7.40342263e-07
1.36900000e+01   7.24837378e-07
1.37000000e+01   7.09645477e-07
1.37100000e+01   6.94760497e-07
1.37200000e+01   6.80176489e-07
1.37300000e+01   6.65887611e-07
1.37400000e+01   6.51888132e-07
1.37500000e+01   6.38172427e-07
1.37600000e+01   6.24734973e-07
1.37700000e+01   6.11570352e-07
1.37800000e+01   5.98673246e-07
1.37900000e+01   5.86038435e-07
1.38000000e+01   5.73660797e-07
1.38100000e+01   5.61535307e-07
1.38200000e+01   5.49657030e-07
1.38300000e+01   5.38021128e-07
1.38400000e+01   5.26622848e-07
1.38500000e+01   5.15457532e-07
1.38600000e+01   5.04520603e-07
1.38700000e+01   4.93807576e-07
1.38800000e+01   4.83314045e-07
1.38900000e+01   4.73035690e-07
1.39000000e+01   4.62968272e-07
1.39100000e+01   4.53107630e-07
1.39200000e+01   4.43449682e-07
1.39300000e+01   4.33990425e-07
1.39400000e+01   4.24725930e-07
1.39500000e+01   4.15652341e-07
1.39600000e+01   4.06765878e-07
1.39700000e+01   3.98062830e-07
1.39800000e+01   3.89539558e-07
1.39900000e+01   3.81192491e-07
1.40000000e+01   3.73018126e-07
1.40100000e+01   3.65013027e-07
1.40200000e+01   3.57173824e-07
1.40300000e+01   3.49497210e-07
1.40400000e+01   3.41979941e-07
1.40500000e+01   3.34618836e-07
1.40600000e+01   3.27410774e-07
1.40700000e+01   3.20352693e-07
1.40800000e+01   3.13441593e-07
1.40900000e+01   3.06674526e-07
1.41000000e+01   3.00048606e-07
1.41100000e+01   2.93560999e-07
1.41200000e+01   2.87208926e-07
1.41300000e+01   2.80989663e-07
1.41400000e+01   2.74900536e-07
1.41500000e+01   2.68938925e-07
1.41600000e+01   2.63102259e-07
1.41700000e+01   2.57388016e-07
1.41800000e+01   2.51793726e-07
1.41900000e+01   2.46316963e-07
1.42000000e+01   2.40955351e-07
1.42100000e+01   2.35706556e-07
1.42200000e+01   2.30568295e-07
1.42300000e+01   2.25538324e-07
1.42400000e+01   2.20614446e-07
1.42500000e+01   2.15794505e-07
1.42600000e+01   2.11076389e-07
1.42700000e+01   2.06458024e-07
1.42800000e+01   2.01937378e-07
1.42900000e+01   1.97512461e-07
1.43000000e+01   1.93181318e-07
1.43100000e+01   1.88942036e-07
1.43200000e+01   1.84792735e-07
1.43300000e+01   1.80731576e-07
1.43400000e+01   1.76756755e-07
1.43500000e+01   1.72866501e-07
1.43600000e+01   1.69059081e-07
1.43700000e+01   1.65332795e-07
1.43800000e+01   1.61685976e-07
1.43900000e+01   1.58116990e-07
1.44000000e+01   1.54624236e-07
1.44100000e+01   1.51206143e-07
1.44200000e+01   1.47861173e-07
1.44300000e+01   1.44587818e-07
1.44400000e+01   1.41384597e-07
1.44500000e+01   1.38250063e-07
1.44600000e+01   1.35182795e-07
1.44700000e+01   1.32181400e-07
1.44800000e+01   1.29244514e-07
1.44900000e+01   1.26370800e-07
1.45000000e+01   1.23558946e-07
1.45100000e+01   1.20807667e-07
1.45200000e+01   1.18115705e-07
1.45300000e+01   1.15481825e-07
1.45400000e+01   1.12904819e-07
1.45500000e+01   1.10383501e-07
1.45600000e+01   1.07916710e-07
1.45700000e+01   1.05503308e-07
1.45800000e+01   1.03142179e-07
1.45900000e+01   1.00832230e-07
1.46000000e+01   9.85723911e-08
1.46100000e+01   9.63616123e-08
1.46200000e+01   9.41988656e-08
1.46300000e+01   9.20831432e-08
1.46400000e+01   9.00134580e-08
1.46500000e+01   8.79888428e-08
1.46600000e+01   8.60083497e-08
1.46700000e+01   8.40710502e-08
1.46800000e+01   8.21760344e-08
1.46900000e+01   8.03224111e-08
1.47000000e+01   7.85093070e-08
1.47100000e+01   7.67358664e-08
1.47200000e+01   7.50012513e-08
1.47300000e+01   7.33046405e-08
1.47400000e+01   7.16452295e-08
1.47500000e+01   7.00222303e-08
1.47600000e+01   6.84348709e-08
1.47700000e+01   6.68823952e-08
1.47800000e+01   6.53640622e-08
1.47900000e+01   6.38791464e-08
1.48000000e+01   6.24269370e-08
1.48100000e+01   6.10067377e-08
1.48200000e+01   5.96178666e-08
1.48300000e+01   5.82596556e-08
1.48400000e+01   5.69314505e-08
1.48500000e+01   5.56326105e-08
1.48600000e+01   5.43625079e-08
1.48700000e+01   5.31205280e-08
1.48800000e+01   5.19060687e-08
1.48900000e+01   5.07185403e-08
1.49000000e+01   4.95573655e-08
1.49100000e+01   4.84219786e-08
1.49200000e+01   4.73118257e-08
1.49300000e+01   4.62263645e-08
1.49400000e+01   4.51650638e-08
1.49500000e+01   4.41274035e-08
1.49600000e+01   4.31128742e-08
1.49700000e+01   4.21209770e-08
1.49800000e+01   4.11512236e-08
1.49900000e+01   4.02031358e-08
1.50000000e+01   3.92762451e-08
