0.00000000e+00   0.00000000e+00
1.00000000e-02   6.81050152e-03
2.00000000e-02   1.36204371e-02
3.00000000e-02   2.04292408e-02
4.00000000e-02   2.72363470e-02
5.00000000e-02   3.40411901e-02
6.00000000e-02   4.08432050e-02
7.00000000e-02   4.76418269e-02
8.00000000e-02   5.44364915e-02
9.00000000e-02   6.12266350e-02
1.00000000e-01   6.80116942e-02
1.10000000e-01   7.47911068e-02
1.20000000e-01   8.15643112e-02
1.30000000e-01   8.83307463e-02
1.40000000e-01   9.50898526e-02
1.50000000e-01   1.01841071e-01
1.60000000e-01   1.08583844e-01
1.70000000e-01   1.15317615e-01
1.80000000e-01   1.22041828e-01
1.90000000e-01   1.28755929e-01
2.00000000e-01   1.35459367e-01
2.10000000e-01   1.42151589e-01
2.20000000e-01   1.48832046e-01
2.30000000e-01   1.55500191e-01
2.40000000e-01   1.62155476e-01
2.50000000e-01   1.68797358e-01
2.60000000e-01   1.75425293e-01
2.70000000e-01   1.82038741e-01
2.80000000e-01   1.88637163e-01
2.90000000e-01   1.95220023e-01
3.00000000e-01   2.01786785e-01
3.10000000e-01   2.08336918e-01
3.20000000e-01   2.14869892e-01
3.30000000e-01   2.21385178e-01
3.40000000e-01   2.27882252e-01
3.50000000e-01   2.34360591e-01
3.60000000e-01   2.40819674e-01
3.70000000e-01   2.47258984e-01
3.80000000e-01   2.53678007e-01
3.90000000e-01   2.60076229e-01
4.00000000e-01   2.66453142e-01
4.10000000e-01   2.72808240e-01
4.20000000e-01   2.79141019e-01
4.30000000e-01   2.85450979e-01
4.40000000e-01   2.91737622e-01
4.50000000e-01   2.98000454e-01
4.60000000e-01   3.04238986e-01
4.70000000e-01   3.10452729e-01
4.80000000e-01   3.16641198e-01
4.90000000e-01   3.22803915e-01
5.00000000e-01   3.28940400e-01
5.10000000e-01   3.35050181e-01
5.20000000e-01   3.41132788e-01
5.30000000e-01   3.47187753e-01
5.40000000e-01   3.53214615e-01
5.50000000e-01   3.59212915e-01
5.60000000e-01   3.65182198e-01
5.70000000e-01   3.71122012e-01
5.80000000e-01   3.77031910e-01
5.90000000e-01   3.82911450e-01
6.00000000e-01   3.88760192e-01
6.10000000e-01   3.94577701e-01
6.20000000e-01   4.00363547e-01
6.30000000e-01   4.06117302e-01
6.40000000e-01   4.11838546e-01
6.50000000e-01   4.17526860e-01
6.60000000e-01   4.23181830e-01
6.70000000e-01   4.28803048e-01
6.80000000e-01   4.34390108e-01
6.90000000e-01   4.39942611e-01
7.00000000e-01   4.45460162e-01
7.10000000e-01   4.50942369e-01
7.20000000e-01   4.56388846e-01
7.30000000e-01   4.61799212e-01
7.40000000e-01   4.67173090e-01
7.50000000e-01   4.72510108e-01
7.60000000e-01   4.77809899e-01
7.70000000e-01   4.83072102e-01
7.80000000e-01   4.88296358e-01
7.90000000e-01   4.93482315e-01
8.00000000e-01   4.98629626e-01
8.10000000e-01   5.03737950e-01
8.20000000e-01   5.08806947e-01
8.30000000e-01   5.13836288e-01
8.40000000e-01   5.18825644e-01
8.50000000e-01   5.23774693e-01
8.60000000e-01   5.28683120e-01
8.70000000e-01   5.33550613e-01
8.80000000e-01   5.38376866e-01
8.90000000e-01   5.43161578e-01
9.00000000e-01   5.47904454e-01
9.10000000e-01   5.52605203e-01
9.20000000e-01   5.57263542e-01
9.30000000e-01   5.61879190e-01
9.40000000e-01   5.66451874e-01
9.50000000e-01   5.70981326e-01
9.60000000e-01   5.75467282e-01
9.70000000e-01   5.79909486e-01
9.80000000e-01   5.84307684e-01
9.90000000e-01   5.88661633e-01
1.00000000e+00   5.92971089e-01
1.01000000e+00   5.97235818e-01
1.02000000e+00   6.01455592e-01
1.03000000e+00   6.05630184e-01
1.04000000e+00   6.09759379e-01
1.05000000e+00   6.13842961e-01
1.06000000e+00   6.17880726e-01
1.07000000e+00   6.21872470e-01
1.08000000e+00   6.25818000e-01
1.09000000e+00   6.29717124e-01
1.10000000e+00   6.33569658e-01
1.11000000e+00   6.37375424e-01
1.12000000e+00   6.41134249e-01
1.13000000e+00   6.44845966e-01
1.14000000e+00   6.48510413e-01
1.15000000e+00   6.52127436e-01
1.16000000e+00   6.55696883e-01
1.17000000e+00   6.59218610e-01
1.18000000e+00   6.62692480e-01
1.19000000e+00   6.66118360e-01
1.20000000e+00   6.69496122e-01
1.21000000e+00   6.72825645e-01
1.22000000e+00   6.76106815e-01
1.23000000e+00   6.79339520e-01
1.24000000e+00   6.82523658e-01
1.25000000e+00   6.85659129e-01
1.26000000e+00   6.88745842e-01
1.27000000e+00   6.91783709e-01
1.28000000e+00   6.94772650e-01
1.29000000e+00   6.97712588e-01
1.30000000e+00   7.00603454e-01
1.31000000e+00   7.03445185e-01
1.32000000e+00   7.06237721e-01
1.33000000e+00   7.08981009e-01
1.34000000e+00   7.11675004e-01
1.35000000e+00   7.14319663e-01
1.36000000e+00   7.16914949e-01
1.37000000e+00   7.19460834e-01
1.38000000e+00   7.21957292e-01
1.39000000e+00   7.24404304e-01
1.40000000e+00   7.26801857e-01
1.41000000e+00   7.29149942e-01
1.42000000e+00   7.31448557e-01
1.43000000e+00   7.33697704e-01
1.44000000e+00   7.35897392e-01
1.45000000e+00   7.38047636e-01
1.46000000e+00   7.40148453e-01
1.47000000e+00   7.42199868e-01
1.48000000e+00   7.44201912e-01
1.49000000e+00   7.46154620e-01
1.50000000e+00   7.48058032e-01
1.51000000e+00   7.49912195e-01
1.52000000e+00   7.51717158e-01
1.53000000e+00   7.53472980e-01
1.54000000e+00   7.55179720e-01
1.55000000e+00   7.56837447e-01
1.56000000e+00   7.58446232e-01
1.57000000e+00   7.60006151e-01
1.58000000e+00   7.61517287e-01
1.59000000e+00   7.62979727e-01
1.60000000e+00   7.64393563e-01
1.61000000e+00   7.65758892e-01
1.62000000e+00   7.67075816e-01
1.63000000e+00   7.68344441e-01
1.64000000e+00   7.69564881e-01
1.65000000e+00   7.70737250e-01
1.66000000e+00   7.71861671e-01
1.67000000e+00   7.72938270e-01
1.68000000e+00   7.73967176e-01
1.69000000e+00   7.74948527e-01
1.70000000e+00   7.75882462e-01
1.71000000e+00   7.76769125e-01
1.72000000e+00   7.77608666e-01
1.73000000e+00   7.78401238e-01
1.74000000e+00   7.79147000e-01
1.75000000e+00   7.79846115e-01
1.76000000e+00   7.80498749e-01
1.77000000e+00   7.81105074e-01
1.78000000e+00   7.81665264e-01
1.79000000e+00   7.82179501e-01
1.80000000e+00   7.82647968e-01
1.81000000e+00   7.83070853e-01
1.82000000e+00   7.83448349e-01
1.83000000e+00   7.83780652e-01
1.84000000e+00   7.84067962e-01
1.85000000e+00   7.84310484e-01
1.86000000e+00   7.84508425e-01
1.87000000e+00   7.84661998e-01
1.88000000e+00   7.84771419e-01
1.89000000e+00   7.84836908e-01
1.90000000e+00   7.84858687e-01
1.91000000e+00   7.84836984e-01
1.92000000e+00   7.84772030e-01
1.93000000e+00   7.84664058e-01
1.94000000e+00   7.84513307e-01
1.95000000e+00   7.84320017e-01
1.96000000e+00   7.84084433e-01
1.97000000e+00   7.83806804e-01
1.98000000e+00   7.83487380e-01
1.99000000e+00   7.83126415e-01
2.00000000e+00   7.82724169e-01
2.01000000e+00   7.82280901e-01
2.02000000e+00   7.81796875e-01
2.03000000e+00   7.81272358e-01
2.04000000e+00   7.80707621e-01
2.05000000e+00   7.80102936e-01
2.06000000e+00   7.79458579e-01
2.07000000e+00   7.78774828e-01
2.08000000e+00   7.78051966e-01
2.09000000e+00   7.77290275e-01
2.10000000e+00   7.76490043e-01
2.11000000e+00   7.75651559e-01
2.12000000e+00   7.74775115e-01
2.13000000e+00   7.73861005e-01
2.14000000e+00   7.72909526e-01
2.15000000e+00   7.71920978e-01
2.16000000e+00   7.70895661e-01
2.17000000e+00   7.69833879e-01
2.18000000e+00   7.68735940e-01
2.19000000e+00   7.67602150e-01
2.20000000e+00   7.66432819e-01
2.21000000e+00   7.65228262e-01
2.22000000e+00   7.63988790e-01
2.23000000e+00   7.62714722e-01
2.24000000e+00   7.61406375e-01
2.25000000e+00   7.60064068e-01
2.26000000e+00   7.58688124e-01
2.27000000e+00   7.57278867e-01
2.28000000e+00   7.55836620e-01
2.29000000e+00   7.54361712e-01
2.30000000e+00   7.52854469e-01
2.31000000e+00   7.51315223e-01
2.32000000e+00   7.49744304e-01
2.33000000e+00   7.48142044e-01
2.34000000e+00   7.46508779e-01
2.35000000e+00   7.44844842e-01
2.36000000e+00   7.43150570e-01
2.37000000e+00   7.41426301e-01
2.38000000e+00   7.39672374e-01
2.39000000e+00   7.37889128e-01
2.40000000e+00   7.36076904e-01
2.41000000e+00   7.34236044e-01
2.42000000e+00   7.32366891e-01
2.43000000e+00   7.30469787e-01
2.44000000e+00   7.28545077e-01
2.45000000e+00   7.26593107e-01
2.46000000e+00   7.24614221e-01
2.47000000e+00   7.22608766e-01
2.48000000e+00   7.20577089e-01
2.49000000e+00   7.18519538e-01
2.50000000e+00   7.16436459e-01
2.51000000e+00   7.14328203e-01
2.52000000e+00   7.12195116e-01
2.53000000e+00   7.10037549e-01
2.54000000e+00   7.07855851e-01
2.55000000e+00   7.05650371e-01
2.56000000e+00   7.03421459e-01
2.57000000e+00   7.01169464e-01
2.58000000e+00   6.98894737e-01
2.59000000e+00   6.96597627e-01
2.60000000e+00   6.94278485e-01
2.61000000e+00   6.91937660e-01
2.62000000e+00   6.89575502e-01
2.63000000e+00   6.87192361e-01
2.64000000e+00   6.84788586e-01
2.65000000e+00   6.82364525e-01
2.66000000e+00   6.79920529e-01
2.67000000e+00   6.77456944e-01
2.68000000e+00   6.74974120e-01
2.69000000e+00   6.72472404e-01
2.70000000e+00   6.69952143e-01
2.71000000e+00   6.67413683e-01
2.72000000e+00   6.64857371e-01
2.73000000e+00   6.62283552e-01
2.74000000e+00   6.59692571e-01
2.75000000e+00   6.57084771e-01
2.76000000e+00   6.54460496e-01
2.77000000e+00   6.51820089e-01
2.78000000e+00   6.49163892e-01
2.79000000e+00   6.46492244e-01
2.80000000e+00   6.43805486e-01
2.81000000e+00   6.41103957e-01
2.82000000e+00   6.38387995e-01
2.83000000e+00   6.35657936e-01
2.84000000e+00   6.32914118e-01
2.85000000e+00   6.30156873e-01
2.86000000e+00   6.27386537e-01
2.87000000e+00   6.24603441e-01
2.88000000e+00   6.21807916e-01
2.89000000e+00   6.19000294e-01
2.90000000e+00   6.16180901e-01
2.91000000e+00   6.13350067e-01
2.92000000e+00   6.10508116e-01
2.93000000e+00   6.07655373e-01
2.94000000e+00   6.04792162e-01
2.95000000e+00   6.01918804e-01
2.96000000e+00   5.99035620e-01
2.97000000e+00   5.96142928e-01
2.98000000e+00   5.93241045e-01
2.99000000e+00   5.90330287e-01
3.00000000e+00   5.87410968e-01
3.01000000e+00   5.84483401e-01
3.02000000e+00   5.81547895e-01
3.03000000e+00   5.78604761e-01
3.04000000e+00   5.75654304e-01
3.05000000e+00   5.72696831e-01
3.06000000e+00   5.69732646e-01
3.07000000e+00   5.66762049e-01
3.08000000e+00   5.63785341e-01
3.09000000e+00   5.60802821e-01
3.10000000e+00   5.57814784e-01
3.11000000e+00   5.54821526e-01
3.12000000e+00   5.51823337e-01
3.13000000e+00   5.48820509e-01
3.14000000e+00   5.45813330e-01
3.15000000e+00   5.42802087e-01
3.16000000e+00   5.39787064e-01
3.17000000e+00   5.36768543e-01
3.18000000e+00   5.33746804e-01
3.19000000e+00   5.30722127e-01
3.20000000e+00   5.27694786e-01
3.21000000e+00   5.24665056e-01
3.22000000e+00   5.21633209e-01
3.23000000e+00   5.18599514e-01
3.24000000e+00   5.15564239e-01
3.25000000e+00   5.12527648e-01
3.26000000e+00   5.09490005e-01
3.27000000e+00   5.06451571e-01
3.28000000e+00   5.03412603e-01
3.29000000e+00   5.00373359e-01
3.30000000e+00   4.97334092e-01
3.31000000e+00   4.94295054e-01
3.32000000e+00   4.91256494e-01
3.33000000e+00   4.88218659e-01
3.34000000e+00   4.85181794e-01
3.35000000e+00   4.82146140e-01
3.36000000e+00   4.79111939e-01
3.37000000e+00   4.76079427e-01
3.38000000e+00   4.73048840e-01
3.39000000e+00   4.70020410e-01
3.40000000e+00   4.66994368e-01
3.41000000e+00   4.63970941e-01
3.42000000e+00   4.60950356e-01
3.43000000e+00   4.57932835e-01
3.44000000e+00   4.54918599e-01
3.45000000e+00   4.51907866e-01
3.46000000e+00   4.48900852e-01
3.47000000e+00   4.45897770e-01
3.48000000e+00   4.42898831e-01
3.49000000e+00   4.39904244e-01
3.50000000e+00   4.36914213e-01
3.51000000e+00   4.33928943e-01
3.52000000e+00   4.30948634e-01
3.53000000e+00   4.27973485e-01
3.54000000e+00   4.25003692e-01
3.55000000e+00   4.22039448e-01
3.56000000e+00   4.19080943e-01
3.57000000e+00   4.16128367e-01
3.58000000e+00   4.13181906e-01
3.59000000e+00   4.10241742e-01
3.60000000e+00   4.07308056e-01
3.61000000e+00   4.04381028e-01
3.62000000e+00   4.01460832e-01
3.63000000e+00   3.98547642e-01
3.64000000e+00   3.95641630e-01
3.65000000e+00   3.92742963e-01
3.66000000e+00   3.89851807e-01
3.67000000e+00   3.86968327e-01
3.68000000e+00   3.84092681e-01
3.69000000e+00   3.81225030e-01
3.70000000e+00   3.78365529e-01
3.71000000e+00   3.75514330e-01
3.72000000e+00   3.72671587e-01
3.73000000e+00   3.69837446e-01
3.74000000e+00   3.67012053e-01
3.75000000e+00   3.64195553e-01
3.76000000e+00   3.61388087e-01
3.77000000e+00   3.58589792e-01
3.78000000e+00   3.55800805e-01
3.79000000e+00   3.53021261e-01
3.80000000e+00   3.50251289e-01
3.81000000e+00   3.47491020e-01
3.82000000e+00   3.44740579e-01
3.83000000e+00   3.42000090e-01
3.84000000e+00   3.39269676e-01
3.85000000e+00   3.36549455e-01
3.86000000e+00   3.33839545e-01
3.87000000e+00   3.31140059e-01
3.88000000e+00   3.28451110e-01
3.89000000e+00   3.25772808e-01
3.90000000e+00   3.23105260e-01
3.91000000e+00   3.20448571e-01
3.92000000e+00   3.17802844e-01
3.93000000e+00   3.15168179e-01
3.94000000e+00   3.12544675e-01
3.95000000e+00   3.09932427e-01
3.96000000e+00   3.07331529e-01
3.97000000e+00   3.04742073e-01
3.98000000e+00   3.02164146e-01
3.99000000e+00   2.99597836e-01
4.00000000e+00   2.97043228e-01
4.01000000e+00   2.94500404e-01
4.02000000e+00   2.91969444e-01
4.03000000e+00   2.89450426e-01
4.04000000e+00   2.86943426e-01
4.05000000e+00   2.84448516e-01
4.06000000e+00   2.81965770e-01
4.07000000e+00   2.79495256e-01
4.08000000e+00   2.77037041e-01
4.09000000e+00   2.74591191e-01
4.10000000e+00   2.72157767e-01
4.11000000e+00   2.69736832e-01
4.12000000e+00   2.67328444e-01
4.13000000e+00   2.64932661e-01
4.14000000e+00   2.62549535e-01
4.15000000e+00   2.60179121e-01
4.16000000e+00   2.57821469e-01
4.17000000e+00   2.55476628e-01
4.18000000e+00   2.53144645e-01
4.19000000e+00   2.50825564e-01
4.20000000e+00   2.48519429e-01
4.21000000e+00   2.46226280e-01
4.22000000e+00   2.43946157e-01
4.23000000e+00   2.41679096e-01
4.24000000e+00   2.39425133e-01
4.25000000e+00   2.37184301e-01
4.26000000e+00   2.34956632e-01
4.27000000e+00   2.32742156e-01
4.28000000e+00   2.30540901e-01
4.29000000e+00   2.28352893e-01
4.30000000e+00   2.26178157e-01
4.31000000e+00   2.24016714e-01
4.32000000e+00   2.21868587e-01
4.33000000e+00   2.19733794e-01
4.34000000e+00   2.17612353e-01
4.35000000e+00   2.15504280e-01
4.36000000e+00   2.13409588e-01
4.37000000e+00   2.11328291e-01
4.38000000e+00   2.09260400e-01
4.39000000e+00   2.07205923e-01
4.40000000e+00   2.05164869e-01
4.41000000e+00   2.03137244e-01
4.42000000e+00   2.01123052e-01
4.43000000e+00   1.99122296e-01
4.44000000e+00   1.97134978e-01
4.45000000e+00   1.95161098e-01
4.46000000e+00   1.93200655e-01
4.47000000e+00   1.91253646e-01
4.48000000e+00   1.89320065e-01
4.49000000e+00   1.87399909e-01
4.50000000e+00   1.85493169e-01
4.51000000e+00   1.83599836e-01
4.52000000e+00   1.81719902e-01
4.53000000e+00   1.79853354e-01
4.54000000e+00   1.78000181e-01
4.55000000e+00   1.76160368e-01
4.56000000e+00   1.74333899e-01
4.57000000e+00   1.72520760e-01
4.58000000e+00   1.70720930e-01
4.59000000e+00   1.68934393e-01
4.60000000e+00   1.67161127e-01
4.61000000e+00   1.65401111e-01
4.62000000e+00   1.63654323e-01
4.63000000e+00   1.61920738e-01
4.64000000e+00   1.60200332e-01
4.65000000e+00   1.58493079e-01
4.66000000e+00   1.56798951e-01
4.67000000e+00   1.55117920e-01
4.68000000e+00   1.53449957e-01
4.69000000e+00   1.51795032e-01
4.70000000e+00   1.50153112e-01
4.71000000e+00   1.48524166e-01
4.72000000e+00   1.46908160e-01
4.73000000e+00   1.45305059e-01
4.74000000e+00   1.43714829e-01
4.75000000e+00   1.42137432e-01
4.76000000e+00   1.40572831e-01
4.77000000e+00   1.39020988e-01
4.78000000e+00   1.37481864e-01
4.79000000e+00   1.35955418e-01
4.80000000e+00   1.34441611e-01
4.81000000e+00   1.32940399e-01
4.82000000e+00   1.31451741e-01
4.83000000e+00   1.29975592e-01
4.84000000e+00   1.28511910e-01
4.85000000e+00   1.27060648e-01
4.86000000e+00   1.25621761e-01
4.87000000e+00   1.24195202e-01
4.88000000e+00   1.22780925e-01
4.89000000e+00   1.21378880e-01
4.90000000e+00   1.19989020e-01
4.91000000e+00   1.18611295e-01
4.92000000e+00   1.17245655e-01
4.93000000e+00   1.15892049e-01
4.94000000e+00   1.14550426e-01
4.95000000e+00   1.13220734e-01
4.96000000e+00   1.11902921e-01
4.97000000e+00   1.10596933e-01
4.98000000e+00   1.09302716e-01
4.99000000e+00   1.08020216e-01
5.00000000e+00   1.06749379e-01
5.01000000e+00   1.05490149e-01
5.02000000e+00   1.04242469e-01
5.03000000e+00   1.03006285e-01
5.04000000e+00   1.01781538e-01
5.05000000e+00   1.00568172e-01
5.06000000e+00   9.93661285e-02
5.07000000e+00   9.81753494e-02
5.08000000e+00   9.69957761e-02
5.09000000e+00   9.58273494e-02
5.10000000e+00   9.46700098e-02
5.11000000e+00   9.35236976e-02
5.12000000e+00   9.23883524e-02
5.13000000e+00   9.12639136e-02
5.14000000e+00   9.01503202e-02
5.15000000e+00   8.90475111e-02
5.16000000e+00   8.79554245e-02
5.17000000e+00   8.68739985e-02
5.18000000e+00   8.58031710e-02
5.19000000e+00   8.47428794e-02
5.20000000e+00   8.36930609e-02
5.21000000e+00   8.26536527e-02
5.22000000e+00   8.16245913e-02
5.23000000e+00   8.06058133e-02
5.24000000e+00   7.95972550e-02
5.25000000e+00   7.85988525e-02
5.26000000e+00   7.76105416e-02
5.27000000e+00   7.66322581e-02
5.28000000e+00   7.56639374e-02
5.29000000e+00   7.47055150e-02
5.30000000e+00   7.37569260e-02
5.31000000e+00   7.28181055e-02
5.32000000e+00   7.18889885e-02
5.33000000e+00   7.09695097e-02
5.34000000e+00   7.00596040e-02
5.35000000e+00   6.91592060e-02
5.36000000e+00   6.82682501e-02
5.37000000e+00   6.73866709e-02
5.38000000e+00   6.65144027e-02
5.39000000e+00   6.56513799e-02
5.40000000e+00   6.47975367e-02
5.41000000e+00   6.39528075e-02
5.42000000e+00   6.31171265e-02
5.43000000e+00   6.22904279e-02
5.44000000e+00   6.14726460e-02
5.45000000e+00   6.06637148e-02
5.46000000e+00   5.98635687e-02
5.47000000e+00   5.90721419e-02
5.48000000e+00   5.82893686e-02
5.49000000e+00   5.75151832e-02
5.50000000e+00   5.67495200e-02
5.51000000e+00   5.59923135e-02
5.52000000e+00   5.52434980e-02
5.53000000e+00   5.45030082e-02
5.54000000e+00   5.37707787e-02
5.55000000e+00   5.30467441e-02
5.56000000e+00   5.23308392e-02
5.57000000e+00   5.16229990e-02
5.58000000e+00   5.09231585e-02
5.59000000e+00   5.02312527e-02
5.60000000e+00   4.95472169e-02
5.61000000e+00   4.88709865e-02
5.62000000e+00   4.82024971e-02
5.63000000e+00   4.75416841e-02
5.64000000e+00   4.68884835e-02
5.65000000e+00   4.62428313e-02
5.66000000e+00   4.56046634e-02
5.67000000e+00   4.49739163e-02
5.68000000e+00   4.43505264e-02
5.69000000e+00   4.37344303e-02
5.70000000e+00   4.31255649e-02
5.71000000e+00   4.25238672e-02
5.72000000e+00   4.19292744e-02
5.73000000e+00   4.13417239e-02
5.74000000e+00   4.07611535e-02
5.75000000e+00   4.01875009e-02
5.76000000e+00   3.96207043e-02
5.77000000e+00   3.90607018e-02
5.78000000e+00   3.85074322e-02
5.79000000e+00   3.79608340e-02
5.80000000e+00   3.74208463e-02
5.81000000e+00   3.68874085e-02
5.82000000e+00   3.63604599e-02
5.83000000e+00   3.58399403e-02
5.84000000e+00   3.53257897e-02
5.85000000e+00   3.48179484e-02
5.86000000e+00   3.43163569e-02
5.87000000e+00   3.38209560e-02
5.88000000e+00   3.33316868e-02
5.89000000e+00   3.28484906e-02
5.90000000e+00   3.23713091e-02
5.91000000e+00   3.19000842e-02
5.92000000e+00   3.14347581e-02
5.93000000e+00   3.09752732e-02
5.94000000e+00   3.05215724e-02
5.95000000e+00   3.00735987e-02
5.96000000e+00   2.96312955e-02
5.97000000e+00   2.91946065e-02
5.98000000e+00   2.87634757e-02
5.99000000e+00   2.83378474e-02
6.00000000e+00   2.79176661e-02
6.01000000e+00   2.75028769e-02
6.02000000e+00   2.70934249e-02
6.03000000e+00   2.66892557e-02
6.04000000e+00   2.62903151e-02
6.05000000e+00   2.58965494e-02
6.06000000e+00   2.55079051e-02
6.07000000e+00   2.51243290e-02
6.08000000e+00   2.47457683e-02
6.09000000e+00   2.43721704e-02
6.10000000e+00   2.40034833e-02
6.11000000e+00   2.36396551e-02
6.12000000e+00   2.32806343e-02
6.13000000e+00   2.29263697e-02
6.14000000e+00   2.25768105e-02
6.15000000e+00   2.22319062e-02
6.16000000e+00   2.18916067e-02
6.17000000e+00   2.15558622e-02
6.18000000e+00   2.12246231e-02
6.19000000e+00   2.08978405e-02
6.20000000e+00   2.05754654e-02
6.21000000e+00   2.02574496e-02
6.22000000e+00   1.99437448e-02
6.23000000e+00   1.96343034e-02
6.24000000e+00   1.93290779e-02
6.25000000e+00   1.90280214e-02
6.26000000e+00   1.87310871e-02
6.27000000e+00   1.84382287e-02
6.28000000e+00   1.81494001e-02
6.29000000e+00   1.78645558e-02
6.30000000e+00   1.75836504e-02
6.31000000e+00   1.73066390e-02
6.32000000e+00   1.70334770e-02
6.33000000e+00   1.67641201e-02
6.34000000e+00   1.64985245e-02
6.35000000e+00   1.62366465e-02
6.36000000e+00   1.59784430e-02
6.37000000e+00   1.57238712e-02
6.38000000e+00   1.54728885e-02
6.39000000e+00   1.52254528e-02
6.40000000e+00   1.49815223e-02
6.41000000e+00   1.47410555e-02
6.42000000e+00   1.45040114e-02
6.43000000e+00   1.42703491e-02
6.44000000e+00   1.40400283e-02
6.45000000e+00   1.38130088e-02
6.46000000e+00   1.35892511e-02
6.47000000e+00   1.33687156e-02
6.48000000e+00   1.31513634e-02
6.49000000e+00   1.29371558e-02
6.50000000e+00   1.27260544e-02
6.51000000e+00   1.25180213e-02
6.52000000e+00   1.23130188e-02
6.53000000e+00   1.21110095e-02
6.54000000e+00   1.19119565e-02
6.55000000e+00   1.17158231e-02
6.56000000e+00   1.15225731e-02
6.57000000e+00   1.13321705e-02
6.58000000e+00   1.11445796e-02
6.59000000e+00   1.09597651e-02
6.60000000e+00   1.07776921e-02
6.61000000e+00   1.05983259e-02
6.62000000e+00   1.04216323e-02
6.63000000e+00   1.02475772e-02
6.64000000e+00   1.00761270e-02
6.65000000e+00   9.90724843e-03
6.66000000e+00   9.74090842e-03
6.67000000e+00   9.57707433e-03
6.68000000e+00   9.41571380e-03
6.69000000e+00   9.25679481e-03
6.70000000e+00   9.10028564e-03
6.71000000e+00   8.94615489e-03
6.72000000e+00   8.79437150e-03
6.73000000e+00   8.64490470e-03
6.74000000e+00   8.49772403e-03
6.75000000e+00   8.35279937e-03
6.76000000e+00   8.21010087e-03
6.77000000e+00   8.06959903e-03
6.78000000e+00   7.93126463e-03
6.79000000e+00   7.79506875e-03
6.80000000e+00   7.66098280e-03
6.81000000e+00   7.52897847e-03
6.82000000e+00   7.39902775e-03
6.83000000e+00   7.27110294e-03
6.84000000e+00   7.14517662e-03
6.85000000e+00   7.02122169e-03
6.86000000e+00   6.89921131e-03
6.87000000e+00   6.77911896e-03
6.88000000e+00   6.66091838e-03
6.89000000e+00   6.54458363e-03
6.90000000e+00   6.43008904e-03
6.91000000e+00   6.31740920e-03
6.92000000e+00   6.20651902e-03
6.93000000e+00   6.09739367e-03
6.94000000e+00   5.99000860e-03
6.95000000e+00   5.88433953e-03
6.96000000e+00   5.78036247e-03
6.97000000e+00   5.67805369e-03
6.98000000e+00   5.57738973e-03
6.99000000e+00   5.47834740e-03
7.00000000e+00   5.38090377e-03
7.01000000e+00   5.28503619e-03
7.02000000e+00   5.19072226e-03
7.03000000e+00   5.09793984e-03
7.04000000e+00   5.00666705e-03
7.05000000e+00   4.91688228e-03
7.06000000e+00   4.82856414e-03
7.07000000e+00   4.74169153e-03
7.08000000e+00   4.65624358e-03
7.09000000e+00   4.57219968e-03
7.10000000e+00   4.48953945e-03
7.11000000e+00   4.40824276e-03
7.12000000e+00   4.32828973e-03
7.13000000e+00   4.24966072e-03
7.14000000e+00   4.17233633e-03
7.15000000e+00   4.09629737e-03
7.16000000e+00   4.02152492e-03
7.17000000e+00   3.94800028e-03
7.18000000e+00   3.87570498e-03
7.19000000e+00   3.80462076e-03
7.20000000e+00   3.73472961e-03
7.21000000e+00   3.66601375e-03
7.22000000e+00   3.59845559e-03
7.23000000e+00   3.53203780e-03
7.24000000e+00   3.46674323e-03
7.25000000e+00   3.40255498e-03
7.26000000e+00   3.33945634e-03
7.27000000e+00   3.27743082e-03
7.28000000e+00   3.21646216e-03
7.29000000e+00   3.15653427e-03
7.30000000e+00   3.09763129e-03
7.31000000e+00   3.03973758e-03
7.32000000e+00   2.98283767e-03
7.33000000e+00   2.92691631e-03
7.34000000e+00   2.87195844e-03
7.35000000e+00   2.81794922e-03
7.36000000e+00   2.76487396e-03
7.37000000e+00   2.71271821e-03
7.38000000e+00   2.66146768e-03
7.39000000e+00   2.61110829e-03
7.40000000e+00   2.56162613e-03
7.41000000e+00   2.51300749e-03
7.42000000e+00   2.46523883e-03
7.43000000e+00   2.41830680e-03
7.44000000e+00   2.37219823e-03
7.45000000e+00   2.32690012e-03
7.46000000e+00   2.28239966e-03
7.47000000e+00   2.23868421e-03
7.48000000e+00   2.19574130e-03
7.49000000e+00   2.15355861e-03
7.50000000e+00   2.11212404e-03
7.51000000e+00   2.07142560e-03
7.52000000e+00   2.03145150e-03
7.53000000e+00   1.99219011e-03
7.54000000e+00   1.95362995e-03
7.55000000e+00   1.91575971e-03
7.56000000e+00   1.87856823e-03
7.57000000e+00   1.84204452e-03
7.58000000e+00   1.80617773e-03
7.59000000e+00   1.77095716e-03
7.60000000e+00   1.73637229e-03
7.61000000e+00   1.70241271e-03
7.62000000e+00   1.66906820e-03
7.63000000e+00   1.63632864e-03
7.64000000e+00   1.60418409e-03
7.65000000e+00   1.57262473e-03
7.66000000e+00   1.54164091e-03
7.67000000e+00   1.51122310e-03
7.68000000e+00   1.48136190e-03
7.69000000e+00   1.45204806e-03
7.70000000e+00   1.42327246e-03
7.71000000e+00   1.39502612e-03
7.72000000e+00   1.36730018e-03
7.73000000e+00   1.34008592e-03
7.74000000e+00   1.31337474e-03
7.75000000e+00   1.28715818e-03
7.76000000e+00   1.26142789e-03
7.77000000e+00   1.23617564e-03
7.78000000e+00   1.21139336e-03
7.79000000e+00   1.18707305e-03
7.80000000e+00   1.16320687e-03
7.81000000e+00   1.13978707e-03
7.82000000e+00   1.11680604e-03
7.83000000e+00   1.09425625e-03
7.84000000e+00   1.07213033e-03
7.85000000e+00   1.05042100e-03
7.86000000e+00   1.02912107e-03
7.87000000e+00   1.00822348e-03
7.88000000e+00   9.87721299e-04
7.89000000e+00   9.67607662e-04
7.90000000e+00   9.47875833e-04
7.91000000e+00   9.28519174e-04
7.92000000e+00   9.09531151e-04
7.93000000e+00   8.90905329e-04
7.94000000e+00   8.72635375e-04
7.95000000e+00   8.54715053e-04
7.96000000e+00   8.37138227e-04
7.97000000e+00   8.19898854e-04
7.98000000e+00   8.02990987e-04
7.99000000e+00   7.86408773e-04
8.00000000e+00   7.70146450e-04
8.01000000e+00   7.54198349e-04
8.02000000e+00   7.38558889e-04
8.03000000e+00   7.23222579e-04
8.04000000e+00   7.08184014e-04
8.05000000e+00   6.93437877e-04
8.06000000e+00   6.78978934e-04
8.07000000e+00   6.64802037e-04
8.08000000e+00   6.50902120e-04
8.09000000e+00   6.37274197e-04
8.10000000e+00   6.23913366e-04
8.11000000e+00   6.10814801e-04
8.12000000e+00   5.97973756e-04
8.13000000e+00   5.85385562e-04
8.14000000e+00   5.73045627e-04
8.15000000e+00   5.60949431e-04
8.16000000e+00   5.49092533e-04
8.17000000e+00   5.37470560e-04
8.18000000e+00   5.26079214e-04
8.19000000e+00   5.14914268e-04
8.20000000e+00   5.03971562e-04
8.21000000e+00   4.93247008e-04
8.22000000e+00   4.82736585e-04
8.23000000e+00   4.72436338e-04
8.24000000e+00   4.62342380e-04
8.25000000e+00   4.52450887e-04
8.26000000e+00   4.42758100e-04
8.27000000e+00   4.33260323e-04
8.28000000e+00   4.23953923e-04
8.29000000e+00   4.14835327e-04
8.30000000e+00   4.05901024e-04
8.31000000e+00   3.97147560e-04
8.32000000e+00   3.88571543e-04
8.33000000e+00   3.80169636e-04
8.34000000e+00   3.71938561e-04
8.35000000e+00   3.63875094e-04
8.36000000e+00   3.55976068e-04
8.37000000e+00   3.48238370e-04
8.38000000e+00   3.40658940e-04
8.39000000e+00   3.33234771e-04
8.40000000e+00   3.25962909e-04
8.41000000e+00   3.18840449e-04
8.42000000e+00   3.11864539e-04
8.43000000e+00   3.05032374e-04
8.44000000e+00   2.98341201e-04
8.45000000e+00   2.91788313e-04
8.46000000e+00   2.85371050e-04
8.47000000e+00   2.79086800e-04
8.48000000e+00   2.72932997e-04
8.49000000e+00   2.66907118e-04
8.50000000e+00   2.61006689e-04
8.51000000e+00   2.55229274e-04
8.52000000e+00   2.49572486e-04
8.53000000e+00   2.44033975e-04
8.54000000e+00   2.38611438e-04
8.55000000e+00   2.33302609e-04
8.56000000e+00   2.28105264e-04
8.57000000e+00   2.23017220e-04
8.58000000e+00   2.18036331e-04
8.59000000e+00   2.13160492e-04
8.60000000e+00   2.08387634e-04
8.61000000e+00   2.03715725e-04
8.62000000e+00   1.99142773e-04
8.63000000e+00   1.94666818e-04
8.64000000e+00   1.90285939e-04
8.65000000e+00   1.85998248e-04
8.66000000e+00   1.81801891e-04
8.67000000e+00   1.77695051e-04
8.68000000e+00   1.73675940e-04
8.69000000e+00   1.69742806e-04
8.70000000e+00   1.65893929e-04
8.71000000e+00   1.62127619e-04
8.72000000e+00   1.58442217e-04
8.73000000e+00   1.54836098e-04
8.74000000e+00   1.51307663e-04
8.75000000e+00   1.47855346e-04
8.76000000e+00   1.44477607e-04
8.77000000e+00   1.41172938e-04
8.78000000e+00   1.37939857e-04
8.79000000e+00   1.34776911e-04
8.80000000e+00   1.31682672e-04
8.81000000e+00   1.28655741e-04
8.82000000e+00   1.25694745e-04
8.83000000e+00   1.22798337e-04
8.84000000e+00   1.19965194e-04
8.85000000e+00   1.17194019e-04
8.86000000e+00   1.14483541e-04
8.87000000e+00   1.11832511e-04
8.88000000e+00   1.09239704e-04
8.89000000e+00   1.06703919e-04
8.90000000e+00   1.04223979e-04
8.91000000e+00   1.01798727e-04
8.92000000e+00   9.94270308e-05
8.93000000e+00   9.71077778e-05
8.94000000e+00   9.48398780e-05
8.95000000e+00   9.26222621e-05
8.96000000e+00   9.04538816e-05
8.97000000e+00   8.83337080e-05
8.98000000e+00   8.62607331e-05
8.99000000e+00   8.42339679e-05
9.00000000e+00   8.22524429e-05
9.01000000e+00   8.03152075e-05
9.02000000e+00   7.84213294e-05
9.03000000e+00   7.65698949e-05
9.04000000e+00   7.47600080e-05
9.05000000e+00   7.29907901e-05
9.06000000e+00   7.12613803e-05
9.07000000e+00   6.95709344e-05
9.08000000e+00   6.79186249e-05
9.09000000e+00   6.63036406e-05
9.10000000e+00   6.47251864e-05
9.11000000e+00   6.31824831e-05
9.12000000e+00   6.16747668e-05
9.13000000e+00   6.02012890e-05
9.14000000e+00   5.87613159e-05
9.15000000e+00   5.73541286e-05
9.16000000e+00   5.59790223e-05
9.17000000e+00   5.46353066e-05
9.18000000e+00   5.33223048e-05
9.19000000e+00   5.20393539e-05
9.20000000e+00   5.07858043e-05
9.21000000e+00   4.95610193e-05
9.22000000e+00   4.83643753e-05
9.23000000e+00   4.71952612e-05
9.24000000e+00   4.60530784e-05
9.25000000e+00   4.49372403e-05
9.26000000e+00   4.38471725e-05
9.27000000e+00   4.27823120e-05
9.28000000e+00   4.17421075e-05
9.29000000e+00   4.07260190e-05
9.30000000e+00   3.97335175e-05
9.31000000e+00   3.87640848e-05
9.32000000e+00   3.78172135e-05
9.33000000e+00   3.68924065e-05
9.34000000e+00   3.59891770e-05
9.35000000e+00   3.51070484e-05
9.36000000e+00   3.42455538e-05
9.37000000e+00   3.34042360e-05
9.38000000e+00   3.25826473e-05
9.39000000e+00   3.17803494e-05
9.40000000e+00   3.09969130e-05
9.41000000e+00   3.02319180e-05
9.42000000e+00   2.94849527e-05
9.43000000e+00   2.87556144e-05
9.44000000e+00   2.80435085e-05
9.45000000e+00   2.73482490e-05
9.46000000e+00   2.66694579e-05
9.47000000e+00   2.60067651e-05
9.48000000e+00   2.53598083e-05
9.49000000e+00   2.47282331e-05
9.50000000e+00   2.41116922e-05
9.51000000e+00   2.35098461e-05
9.52000000e+00   2.29223621e-05
9.53000000e+00   2.23489150e-05
9.54000000e+00   2.17891862e-05
9.55000000e+00   2.12428639e-05
9.56000000e+00   2.07096433e-05
9.57000000e+00   2.01892258e-05
9.58000000e+00   1.96813193e-05
9.59000000e+00   1.91856380e-05
9.60000000e+00   1.87019022e-05
9.61000000e+00   1.82298383e-05
9.62000000e+00   1.77691785e-05
9.63000000e+00   1.73196608e-05
9.64000000e+00   1.68810291e-05
9.65000000e+00   1.64530325e-05
9.66000000e+00   1.60354258e-05
9.67000000e+00   1.56279690e-05
9.68000000e+00   1.52304275e-05
9.69000000e+00   1.48425715e-05
9.70000000e+00   1.44641765e-05
9.71000000e+00   1.40950229e-05
9.72000000e+00   1.37348957e-05
9.73000000e+00   1.33835849e-05
9.74000000e+00   1.30408848e-05
9.75000000e+00   1.27065946e-05
9.76000000e+00   1.23805175e-05
9.77000000e+00   1.20624615e-05
9.78000000e+00   1.17522385e-05
9.79000000e+00   1.14496646e-05
9.80000000e+00   1.11545603e-05
9.81000000e+00   1.08667496e-05
9.82000000e+00   1.05860607e-05
9.83000000e+00   1.03123258e-05
9.84000000e+00   1.00453804e-05
9.85000000e+00   9.78506401e-06
9.86000000e+00   9.53121963e-06
9.87000000e+00   9.28369376e-06
9.88000000e+00   9.04233638e-06
9.89000000e+00   8.80700081e-06
9.90000000e+00   8.57754371e-06
9.91000000e+00   8.35382493e-06
9.92000000e+00   8.13570751e-06
9.93000000e+00   7.92305759e-06
9.94000000e+00   7.71574431e-06
9.95000000e+00   7.51363982e-06
9.96000000e+00   7.31661914e-06
9.97000000e+00   7.12456014e-06
9.98000000e+00   6.93734347e-06
9.99000000e+00   6.75485252e-06
1.00000000e+01   6.57697332e-06
1.00100000e+01   6.40359453e-06
1.00200000e+01   6.23460732e-06
1.00300000e+01   6.06990540e-06
1.00400000e+01   5.90938491e-06
1.00500000e+01   5.75294435e-06
1.00600000e+01   5.60048460e-06
1.00700000e+01   5.45190879e-06
1.00800000e+01   5.30712233e-06
1.00900000e+01   5.16603276e-06
1.01000000e+01   5.02854983e-06
1.01100000e+01   4.89458532e-06
1.01200000e+01   4.76405310e-06
1.01300000e+01   4.63686903e-06
1.01400000e+01   4.51295093e-06
1.01500000e+01   4.39221854e-06
1.01600000e+01   4.27459348e-06
1.01700000e+01   4.15999918e-06
1.01800000e+01   4.04836090e-06
1.01900000e+01   3.93960563e-06
1.02000000e+01   3.83366206e-06
1.02100000e+01   3.73046061e-06
1.02200000e+01   3.62993328e-06
1.02300000e+01   3.53201370e-06
1.02400000e+01   3.43663708e-06
1.02500000e+01   3.34374015e-06
1.02600000e+01   3.25326113e-06
1.02700000e+01   3.16513972e-06
1.02800000e+01   3.07931704e-06
1.02900000e+01   2.99573562e-06
1.03000000e+01   2.91433935e-06
1.03100000e+01   2.83507347e-06
1.03200000e+01   2.75788452e-06
1.03300000e+01   2.68272031e-06
1.03400000e+01   2.60952992e-06
1.03500000e+01   2.53826364e-06
1.03600000e+01   2.46887294e-06
1.03700000e+01   2.40131048e-06
1.03800000e+01   2.33553004e-06
1.03900000e+01   2.27148654e-06
1.04000000e+01   2.20913595e-06
1.04100000e+01   2.14843534e-06
1.04200000e+01   2.08934280e-06
1.04300000e+01   2.03181744e-06
1.04400000e+01   1.97581936e-06
1.04500000e+01   1.92130964e-06
1.04600000e+01   1.86825029e-06
1.04700000e+01   1.81660425e-06
1.04800000e+01   1.76633539e-06
1.04900000e+01   1.71740842e-06
1.05000000e+01   1.66978894e-06
1.05100000e+01   1.62344338e-06
1.05200000e+01   1.57833901e-06
1.05300000e+01   1.53444389e-06
1.05400000e+01   1.49172687e-06
1.05500000e+01   1.45015756e-06
1.05600000e+01   1.40970633e-06
1.05700000e+01   1.37034427e-06
1.05800000e+01   1.33204319e-06
1.05900000e+01   1.29477560e-06
1.06000000e+01   1.25851469e-06
1.06100000e+01   1.22323432e-06
1.06200000e+01   1.18890898e-06
1.06300000e+01   1.15551381e-06
1.06400000e+01   1.12302458e-06
1.06500000e+01   1.09141764e-06
1.06600000e+01   1.06066994e-06
1.06700000e+01   1.03075901e-06
1.06800000e+01   1.00166295e-06
1.06900000e+01   9.73360387e-07
1.07000000e+01   9.45830501e-07
1.07100000e+01   9.19052990e-07
1.07200000e+01   8.93008065e-07
1.07300000e+01   8.67676433e-07
1.07400000e+01   8.43039288e-07
1.07500000e+01   8.19078301e-07
1.07600000e+01   7.95775604e-07
1.07700000e+01   7.73113782e-07
1.07800000e+01   7.51075863e-07
1.07900000e+01   7.29645303e-07
1.08000000e+01   7.08805981e-07
1.08100000e+01   6.88542185e-07
1.08200000e+01   6.68838603e-07
1.08300000e+01   6.49680314e-07
1.08400000e+01   6.31052779e-07
1.08500000e+01   6.12941829e-07
1.08600000e+01   5.95333658e-07
1.08700000e+01   5.78214815e-07
1.08800000e+01   5.61572193e-07
1.08900000e+01   5.45393024e-07
1.09000000e+01   5.29664865e-07
1.09100000e+01   5.14375596e-07
1.09200000e+01   4.99513410e-07
1.09300000e+01   4.85066802e-07
1.09400000e+01   4.71024568e-07
1.09500000e+01   4.57375791e-07
1.09600000e+01   4.44109840e-07
1.09700000e+01   4.31216356e-07
1.09800000e+01   4.18685252e-07
1.09900000e+01   4.06506703e-07
1.10000000e+01   3.94671139e-07
1.10100000e+01   3.83169241e-07
1.10200000e+01   3.71991930e-07
1.10300000e+01   3.61130368e-07
1.10400000e+01   3.50575947e-07
1.10500000e+01   3.40320283e-07
1.10600000e+01   3.30355215e-07
1.10700000e+01   3.20672792e-07
1.10800000e+01   3.11265277e-07
1.10900000e+01   3.02125132e-07
1.11000000e+01   2.93245022e-07
1.11100000e+01   2.84617802e-07
1.11200000e+01   2.76236518e-07
1.11300000e+01   2.68094398e-07
1.11400000e+01   2.60184851e-07
1.11500000e+01   2.52501460e-07
1.11600000e+01   2.45037978e-07
1.11700000e+01   2.37788326e-07
1.11800000e+01   2.30746583e-07
1.11900000e+01   2.23906990e-07
1.12000000e+01   2.17263938e-07
1.12100000e+01   2.10811969e-07
1.12200000e+01   2.04545772e-07
1.12300000e+01   1.98460177e-07
1.12400000e+01   1.92550153e-07
1.12500000e+01   1.86810802e-07
1.12600000e+01   1.81237361e-07
1.12700000e+01   1.75825193e-07
1.12800000e+01   1.70569785e-07
1.12900000e+01   1.65466748e-07
1.13000000e+01   1.60511809e-07
1.13100000e+01   1.55700811e-07
1.13200000e+01   1.51029711e-07
1.13300000e+01   1.46494574e-07
1.13400000e+01   1.42091572e-07
1.13500000e+01   1.37816981e-07
1.13600000e+01   1.33667177e-07
1.13700000e+01   1.29638636e-07
1.13800000e+01   1.25727929e-07
1.13900000e+01   1.21931722e-07
1.14000000e+01   1.18246770e-07
1.14100000e+01   1.14669918e-07
1.14200000e+01   1.11198097e-07
1.14300000e+01   1.07828321e-07
1.14400000e+01   1.04557687e-07
1.14500000e+01   1.01383372e-07
1.14600000e+01   9.83026288e-08
1.14700000e+01   9.53127878e-08
1.14800000e+01   9.24112516e-08
1.14900000e+01   8.95954949e-08
1.15000000e+01   8.68630619e-08
1.15100000e+01   8.42115646e-08
1.15200000e+01   8.16386812e-08
1.15300000e+01   7.91421542e-08
1.15400000e+01   7.67197885e-08
1.15500000e+01   7.43694501e-08
1.15600000e+01   7.20890641e-08
1.15700000e+01   6.98766135e-08
1.15800000e+01   6.77301374e-08
1.15900000e+01   6.56477294e-08
1.16000000e+01   6.36275366e-08
1.16100000e+01   6.16677575e-08
1.16200000e+01   5.97666412e-08
1.16300000e+01   5.79224858e-08
1.16400000e+01   5.61336370e-08
1.16500000e+01   5.43984871e-08
1.16600000e+01   5.27154734e-08
1.16700000e+01   5.10830772e-08
1.16800000e+01   4.94998224e-08
1.16900000e+01   4.79642748e-08
1.17000000e+01   4.64750404e-08
1.17100000e+01   4.50307647e-08
1.17200000e+01   4.36301314e-08
1.17300000e+01   4.22718616e-08
1.17400000e+01   4.09547124e-08
1.17500000e+01   3.96774764e-08
1.17600000e+01   3.84389803e-08
1.17700000e+01   3.72380842e-08
1.17800000e+01   3.60736808e-08
1.17900000e+01   3.49446941e-08
1.18000000e+01   3.38500789e-08
1.18100000e+01   3.27888198e-08
1.18200000e+01   3.17599304e-08
1.18300000e+01   3.07624528e-08
1.18400000e+01   2.97954560e-08
1.18500000e+01   2.88580361e-08
1.18600000e+01   2.79493150e-08
1.18700000e+01   2.70684399e-08
1.18800000e+01   2.62145825e-08
1.18900000e+01   2.53869382e-08
1.19000000e+01   2.45847259e-08
1.19100000e+01   2.38071866e-08
1.19200000e+01   2.30535837e-08
1.19300000e+01   2.23232015e-08
1.19400000e+01   2.16153454e-08
1.19500000e+01   2.09293404e-08
1.19600000e+01   2.02645317e-08
1.19700000e+01   1.96202830e-08
1.19800000e+01   1.89959767e-08
1.19900000e+01   1.83910132e-08
1.20000000e+01   1.78048104e-08
1.20100000e+01   1.72368030e-08
1.20200000e+01   1.66864423e-08
1.20300000e+01   1.61531957e-08
1.20400000e+01   1.56365459e-08
1.20500000e+01   1.51359912e-08
1.20600000e+01   1.46510442e-08
1.20700000e+01   1.41812320e-08
1.20800000e+01   1.37260956e-08
1.20900000e+01   1.32851893e-08
1.21000000e+01   1.28580806e-08
1.21100000e+01   1.24443500e-08
1.21200000e+01   1.20435901e-08
1.21300000e+01   1.16554054e-08
1.21400000e+01   1.12794125e-08
1.21500000e+01   1.09152390e-08
1.21600000e+01   1.05625237e-08
1.21700000e+01   1.02209159e-08
1.21800000e+01   9.89007567e-09
1.21900000e+01   9.56967280e-09
1.22000000e+01   9.25938711e-09
1.22100000e+01   8.95890789e-09
1.22200000e+01   8.66793368e-09
1.22300000e+01   8.38617203e-09
1.22400000e+01   8.11333921e-09
1.22500000e+01   7.84915997e-09
1.22600000e+01   7.59336729e-09
1.22700000e+01   7.34570214e-09
1.22800000e+01   7.10591328e-09
1.22900000e+01   6.87375697e-09
1.23000000e+01   6.64899683e-09
1.23100000e+01   6.43140355e-09
1.23200000e+01   6.22075474e-09
1.23300000e+01   6.01683471e-09
1.23400000e+01   5.81943426e-09
1.23500000e+01   5.62835053e-09
1.23600000e+01   5.44338675e-09
1.23700000e+01   5.26435215e-09
1.23800000e+01   5.09106169e-09
1.23900000e+01   4.92333596e-09
1.24000000e+01   4.76100099e-09
1.24100000e+01   4.60388809e-09
1.24200000e+01   4.45183370e-09
1.24300000e+01   4.30467924e-09
1.24400000e+01   4.16227094e-09
1.24500000e+01   4.02445974e-09
1.24600000e+01   3.89110112e-09
1.24700000e+01   3.76205496e-09
1.24800000e+01   3.63718546e-09
1.24900000e+01   3.51636094e-09
1.25000000e+01   3.39945377e-09
1.25100000e+01   3.28634023e-09
1.25200000e+01   3.17690040e-09
1.25300000e+01   3.07101805e-09
1.25400000e+01   2.96858050e-09
1.25500000e+01   2.86947857e-09
1.25600000e+01   2.77360643e-09
1.25700000e+01   2.68086150e-09
1.25800000e+01   2.59114440e-09
1.25900000e+01   2.50435880e-09
1.26000000e+01   2.42041135e-09
1.26100000e+01   2.33921158e-09
1.26200000e+01   2.26067186e-09
1.26300000e+01   2.18470723e-09
1.26400000e+01   2.11123542e-09
1.26500000e+01   2.04017667e-09
1.26600000e+01   1.97145374e-09
1.26700000e+01   1.90499176e-09
1.26800000e+01   1.84071822e-09
1.26900000e+01   1.77856287e-09
1.27000000e+01   1.71845764e-09
1.27100000e+01   1.66033661e-09
1.27200000e+01   1.60413589e-09
1.27300000e+01   1.54979361e-09
1.27400000e+01   1.49724986e-09
1.27500000e+01   1.44644658e-09
1.27600000e+01   1.39732753e-09
1.27700000e+01   1.34983827e-09
1.27800000e+01   1.30392606e-09
1.27900000e+01   1.25953979e-09
1.28000000e+01   1.21663001e-09
1.28100000e+01   1.17514881e-09
1.28200000e+01   1.13504977e-09
1.28300000e+01   1.09628799e-09
1.28400000e+01   1.05881993e-09
1.28500000e+01   1.02260349e-09
1.28600000e+01   9.87597851e-10
1.28700000e+01   9.53763527e-10
1.28800000e+01   9.21062269e-10
1.28900000e+01   8.89457050e-10
1.29000000e+01   8.58912018e-10
1.29100000e+01   8.29392466e-10
1.29200000e+01   8.00864792e-10
1.29300000e+01   7.73296468e-10
1.29400000e+01   7.46656004e-10
1.29500000e+01   7.20912917e-10
1.29600000e+01   6.96037700e-10
1.29700000e+01   6.72001791e-10
1.29800000e+01   6.48777544e-10
1.29900000e+01   6.26338200e-10
1.30000000e+01   6.04657860e-10
1.30100000e+01   5.83711458e-10
1.30200000e+01   5.63474734e-10
1.30300000e+01   5.43924209e-10
1.30400000e+01   5.25037164e-10
1.30500000e+01   5.06791609e-10
1.30600000e+01   4.89166267e-10
1.30700000e+01   4.72140549e-10
1.30800000e+01   4.55694531e-10
1.30900000e+01   4.39808935e-10
1.31000000e+01   4.24465107e-10
1.31100000e+01   4.09645001e-10
1.31200000e+01   3.95331155e-10
1.31300000e+01   3.81506674e-10
1.31400000e+01   3.68155214e-10
1.31500000e+01   3.55260964e-10
1.31600000e+01   3.42808627e-10
1.31700000e+01   3.30783406e-10
1.31800000e+01   3.19170987e-10
1.31900000e+01   3.07957523e-10
1.32000000e+01   2.97129621e-10
1.32100000e+01   2.86674326e-10
1.32200000e+01   2.76579108e-10
1.32300000e+01   2.66831849e-10
1.32400000e+01   2.57420827e-10
1.32500000e+01   2.48334705e-10
1.32600000e+01   2.39562522e-10
1.32700000e+01   2.31093675e-10
1.32800000e+01   2.22917910e-10
1.32900000e+01   2.15025315e-10
1.33000000e+01   2.07406300e-10
1.33100000e+01   2.00051596e-10
1.33200000e+01   1.92952238e-10
1.33300000e+01   1.86099560e-10
1.33400000e+01   1.79485181e-10
1.33500000e+01   1.73100999e-10
1.33600000e+01   1.66939181e-10
1.33700000e+01   1.60992152e-10
1.33800000e+01   1.55252593e-10
1.33900000e+01   1.49713425e-10
1.34000000e+01   1.44367806e-10
1.34100000e+01   1.39209122e-10
1.34200000e+01   1.34230980e-10
1.34300000e+01   1.29427200e-10
1.34400000e+01   1.24791808e-10
1.34500000e+01   1.20319033e-10
1.34600000e+01   1.16003292e-10
1.34700000e+01   1.11839193e-10
1.34800000e+01   1.07821525e-10
1.34900000e+01   1.03945249e-10
1.35000000e+01   1.00205497e-10
1.35100000e+01   9.65975660e-11
1.35200000e+01   9.31169090e-11
1.35300000e+01   8.97591334e-11
1.35400000e+01   8.65199945e-11
1.35500000e+01   8.33953908e-11
1.35600000e+01   8.03813594e-11
1.35700000e+01   7.74740712e-11
1.35800000e+01   7.46698268e-11
1.35900000e+01   7.19650520e-11
1.36000000e+01   6.93562938e-11
1.36100000e+01   6.68402163e-11
1.36200000e+01   6.44135969e-11
1.36300000e+01   6.20733224e-11
1.36400000e+01   5.98163855e-11
1.36500000e+01   5.76398814e-11
1.36600000e+01   5.55410042e-11
1.36700000e+01   5.35170435e-11
1.36800000e+01   5.15653816e-11
1.36900000e+01   4.96834902e-11
1.37000000e+01   4.78689272e-11
1.37100000e+01   4.61193345e-11
1.37200000e+01   4.44324343e-11
1.37300000e+01   4.28060270e-11
1.37400000e+01   4.12379887e-11
1.37500000e+01   3.97262680e-11
1.37600000e+01   3.82688844e-11
1.37700000e+01   3.68639251e-11
1.37800000e+01   3.55095435e-11
1.37900000e+01   3.42039564e-11
1.38000000e+01   3.29454422e-11
1.38100000e+01   3.17323385e-11
1.38200000e+01   3.05630406e-11
1.38300000e+01   2.94359991e-11
1.38400000e+01   2.83497182e-11
1.38500000e+01   2.73027539e-11
1.38600000e+01   2.62937122e-11
1.38700000e+01   2.53212476e-11
1.38800000e+01   2.43840612e-11
1.38900000e+01   2.34808991e-11
1.39000000e+01   2.26105512e-11
1.39100000e+01   2.17718494e-11
1.39200000e+01   2.09636664e-11
1.39300000e+01   2.01849140e-11
1.39400000e+01   1.94345421e-11
1.39500000e+01   1.87115372e-11
1.39600000e+01   1.80149213e-11
1.39700000e+01   1.73437505e-11
1.39800000e+01   1.66971141e-11
1.39900000e+01   1.60741330e-11
1.40000000e+01   1.54739592e-11
1.40100000e+01   1.48957744e-11
1.40200000e+01   1.43387890e-11
1.40300000e+01   1.38022412e-11
1.40400000e+01   1.32853958e-11
1.40500000e+01   1.27875437e-11
1.40600000e+01   1.23080008e-11
1.40700000e+01   1.18461070e-11
1.40800000e+01   1.14012255e-11
1.40900000e+01   1.09727421e-11
1.41000000e+01   1.05600641e-11
1.41100000e+01   1.01626202e-11
1.41200000e+01   9.77985876e-12
1.41300000e+01   9.41124813e-12
1.41400000e+01   9.05627532e-12
1.41500000e+01   8.71444558e-12
1.41600000e+01   8.38528177e-12
1.41700000e+01   8.06832367e-12
1.41800000e+01   7.76312746e-12
1.41900000e+01   7.46926512e-12
1.42000000e+01   7.18632390e-12
1.42100000e+01   6.91390574e-12
1.42200000e+01   6.65162682e-12
1.42300000e+01   6.39911702e-12
1.42400000e+01   6.15601945e-12
1.42500000e+01   5.92199001e-12
1.42600000e+01   5.69669690e-12
1.42700000e+01   5.47982024e-12
1.42800000e+01   5.27105160e-12
1.42900000e+01   5.07009363e-12
1.43000000e+01   4.87665967e-12
1.43100000e+01   4.69047337e-12
1.43200000e+01   4.51126832e-12
1.43300000e+01   4.33878770e-12
1.43400000e+01   4.17278396e-12
1.43500000e+01   4.01301847e-12
1.43600000e+01   3.85926123e-12
1.43700000e+01   3.71129052e-12
1.43800000e+01   3.56889268e-12
1.43900000e+01   3.43186174e-12
1.44000000e+01   3.29999923e-12
1.44100000e+01   3.17311385e-12
1.44200000e+01   3.05102124e-12
1.44300000e+01   2.93354374e-12
1.44400000e+01   2.82051014e-12
1.44500000e+01   2.71175547e-12
1.44600000e+01   2.60712075e-12
1.44700000e+01   2.50645279e-12
1.44800000e+01   2.40960399e-12
1.44900000e+01   2.31643214e-12
1.45000000e+01   2.22680021e-12
1.45100000e+01   2.14057617e-12
1.45200000e+01   2.05763285e-12
1.45300000e+01   1.97784769e-12
1.45400000e+01   1.90110266e-12
1.45500000e+01   1.82728403e-12
1.45600000e+01   1.75628225e-12
1.45700000e+01   1.68799180e-12
1.45800000e+01   1.62231101e-12
1.45900000e+01   1.55914198e-12
1.46000000e+01   1.49839039e-12
1.46100000e+01   1.43996541e-12
1.46200000e+01   1.38377954e-12
1.46300000e+01   1.32974853e-12
1.46400000e+01   1.27779122e-12
1.46500000e+01   1.22782945e-12
1.46600000e+01   1.17978796e-12
1.46700000e+01   1.13359427e-12
1.46800000e+01   1.08917858e-12
1.46900000e+01   1.04647368e-12
1.47000000e+01   1.00541486e-12
1.47100000e+01   9.65939784e-13
1.47200000e+01   9.27988465e-13
1.47300000e+01   8.91503128e-13
1.47400000e+01   8.56428151e-13
1.47500000e+01   8.22709983e-13
1.47600000e+01   7.90297067e-13
1.47700000e+01   7.59139769e-13
1.47800000e+01   7.29190307e-13
1.47900000e+01   7.00402684e-13
1.48000000e+01   6.72732621e-13
1.48100000e+01   6.46137497e-13
1.48200000e+01   6.20576283e-13
1.48300000e+01   5.96009490e-13
1.48400000e+01   5.72399107e-13
1.48500000e+01   5.49708552e-13
1.48600000e+01   5.27902613e-13
1.48700000e+01   5.06947403e-13
1.48800000e+01   4.86810310e-13
1.48900000e+01   4.67459947e-13
1.49000000e+01   4.48866111e-13
1.49100000e+01   4.30999735e-13
1.49200000e+01   4.13832852e-13
1.49300000e+01   3.97338546e-13
1.49400000e+01   3.81490922e-13
1.49500000e+01   3.66265062e-13
1.49600000e+01   3.51636990e-13
1.49700000e+01   3.37583638e-13
1.49800000e+01   3.24082814e-13
1.49900000e+01   3.11113165e-13
1.50000000e+01   2.98654149e-13
