0.00000000e+00   0.00000000e+00
1.00000000e-02   5.11554166e-03
2.00000000e-02   1.02306582e-02
3.00000000e-02   1.53449246e-02
4.00000000e-02   2.04579160e-02
5.00000000e-02   2.55692075e-02
6.00000000e-02   3.06783746e-02
7.00000000e-02   3.57849932e-02
8.00000000e-02   4.08886393e-02
9.00000000e-02   4.59888895e-02
1.00000000e-01   5.10853209e-02
1.10000000e-01   5.61775109e-02
1.20000000e-01   6.12650376e-02
1.30000000e-01   6.63474799e-02
1.40000000e-01   7.14244173e-02
1.50000000e-01   7.64954299e-02
1.60000000e-01   8.15600988e-02
1.70000000e-01   8.66180060e-02
1.80000000e-01   9.16687343e-02
1.90000000e-01   9.67118676e-02
2.00000000e-01   1.01746991e-01
2.10000000e-01   1.06773690e-01
2.20000000e-01   1.11791552e-01
2.30000000e-01   1.16800166e-01
2.40000000e-01   1.21799120e-01
2.50000000e-01   1.26788007e-01
2.60000000e-01   1.31766419e-01
2.70000000e-01   1.36733948e-01
2.80000000e-01   1.41690192e-01
2.90000000e-01   1.46634746e-01
3.00000000e-01   1.51567209e-01
3.10000000e-01   1.56487181e-01
3.20000000e-01   1.61394264e-01
3.30000000e-01   1.66288062e-01
3.40000000e-01   1.71168181e-01
3.50000000e-01   1.76034226e-01
3.60000000e-01   1.80885809e-01
3.70000000e-01   1.85722539e-01
3.80000000e-01   1.90544031e-01
3.90000000e-01   1.95349899e-01
4.00000000e-01   2.00139762e-01
4.10000000e-01   2.04913238e-01
4.20000000e-01   2.09669950e-01
4.30000000e-01   2.14409522e-01
4.40000000e-01   2.19131580e-01
4.50000000e-01   2.23835754e-01
4.60000000e-01   2.28521674e-01
4.70000000e-01   2.33188975e-01
4.80000000e-01   2.37837293e-01
4.90000000e-01   2.42466266e-01
5.00000000e-01   2.47075537e-01
5.10000000e-01   2.51664750e-01
5.20000000e-01   2.56233551e-01
5.30000000e-01   2.60781590e-01
5.40000000e-01   2.65308520e-01
5.50000000e-01   2.69813997e-01
5.60000000e-01   2.74297677e-01
5.70000000e-01   2.78759223e-01
5.80000000e-01   2.83198299e-01
5.90000000e-01   2.87614571e-01
6.00000000e-01   2.92007711e-01
6.10000000e-01   2.96377390e-01
6.20000000e-01   3.00723287e-01
6.30000000e-01   3.05045080e-01
6.40000000e-01   3.09342452e-01
6.50000000e-01   3.13615090e-01
6.60000000e-01   3.17862683e-01
6.70000000e-01   3.22084923e-01
6.80000000e-01   3.26281506e-01
6.90000000e-01   3.30452133e-01
7.00000000e-01   3.34596506e-01
7.10000000e-01   3.38714332e-01
7.20000000e-01   3.42805320e-01
7.30000000e-01   3.46869184e-01
7.40000000e-01   3.50905641e-01
7.50000000e-01   3.54914412e-01
7.60000000e-01   3.58895221e-01
7.70000000e-01   3.62847795e-01
7.80000000e-01   3.66771867e-01
7.90000000e-01   3.70667173e-01
8.00000000e-01   3.74533450e-01
8.10000000e-01   3.78370442e-01
8.20000000e-01   3.82177895e-01
8.30000000e-01   3.85955561e-01
8.40000000e-01   3.89703194e-01
8.50000000e-01   3.93420552e-01
8.60000000e-01   3.97107397e-01
8.70000000e-01   4.00763495e-01
8.80000000e-01   4.04388617e-01
8.90000000e-01   4.07982536e-01
9.00000000e-01   4.11545031e-01
9.10000000e-01   4.15075884e-01
9.20000000e-01   4.18574881e-01
9.30000000e-01   4.22041813e-01
9.40000000e-01   4.25476472e-01
9.50000000e-01   4.28878659e-01
9.60000000e-01   4.32248176e-01
9.70000000e-01   4.35584828e-01
9.80000000e-01   4.38888428e-01
9.90000000e-01   4.42158789e-01
1.00000000e+00   4.45395732e-01
1.01000000e+00   4.48599079e-01
1.02000000e+00   4.51768659e-01
1.03000000e+00   4.54904302e-01
1.04000000e+00   4.58005845e-01
1.05000000e+00   4.61073129e-01
1.06000000e+00   4.64105997e-01
1.07000000e+00   4.67104298e-01
1.08000000e+00   4.70067886e-01
1.09000000e+00   4.72996617e-01
1.10000000e+00   4.75890354e-01
1.11000000e+00   4.78748962e-01
1.12000000e+00   4.81572312e-01
1.13000000e+00   4.84360277e-01
1.14000000e+00   4.87112737e-01
1.15000000e+00   4.89829575e-01
1.16000000e+00   4.92510678e-01
1.17000000e+00   4.95155938e-01
1.18000000e+00   4.97765250e-01
1.19000000e+00   5.00338516e-01
1.20000000e+00   5.02875639e-01
1.21000000e+00   5.05376529e-01
1.22000000e+00   5.07841099e-01
1.23000000e+00   5.10269267e-01
1.24000000e+00   5.12660954e-01
1.25000000e+00   5.15016087e-01
1.26000000e+00   5.17334595e-01
1.27000000e+00   5.19616415e-01
1.28000000e+00   5.21861485e-01
1.29000000e+00   5.24069747e-01
1.30000000e+00   5.26241151e-01
1.31000000e+00   5.28375647e-01
1.32000000e+00   5.30473192e-01
1.33000000e+00   5.32533747e-01
1.34000000e+00   5.34557275e-01
1.35000000e+00   5.36543745e-01
1.36000000e+00   5.38493132e-01
1.37000000e+00   5.40405411e-01
1.38000000e+00   5.42280564e-01
1.39000000e+00   5.44118578e-01
1.40000000e+00   5.45919441e-01
1.41000000e+00   5.47683147e-01
1.42000000e+00   5.49409695e-01
1.43000000e+00   5.51099087e-01
1.44000000e+00   5.52751330e-01
1.45000000e+00   5.54366432e-01
1.46000000e+00   5.55944409e-01
1.47000000e+00   5.57485280e-01
1.48000000e+00   5.58989066e-01
1.49000000e+00   5.60455795e-01
1.50000000e+00   5.61885497e-01
1.51000000e+00   5.63278205e-01
1.52000000e+00   5.64633960e-01
1.53000000e+00   5.65952802e-01
1.54000000e+00   5.67234779e-01
1.55000000e+00   5.68479939e-01
1.56000000e+00   5.69688339e-01
1.57000000e+00   5.70860034e-01
1.58000000e+00   5.71995087e-01
1.59000000e+00   5.73093563e-01
1.60000000e+00   5.74155531e-01
1.61000000e+00   5.75181065e-01
1.62000000e+00   5.76170240e-01
1.63000000e+00   5.77123137e-01
1.64000000e+00   5.78039840e-01
1.65000000e+00   5.78920437e-01
1.66000000e+00   5.79765018e-01
1.67000000e+00   5.80573679e-01
1.68000000e+00   5.81346517e-01
1.69000000e+00   5.82083634e-01
1.70000000e+00   5.82785136e-01
1.71000000e+00   5.83451132e-01
1.72000000e+00   5.84081732e-01
1.73000000e+00   5.84677054e-01
1.74000000e+00   5.85237215e-01
1.75000000e+00   5.85762338e-01
1.76000000e+00   5.86252548e-01
1.77000000e+00   5.86707974e-01
1.78000000e+00   5.87128747e-01
1.79000000e+00   5.87515004e-01
1.80000000e+00   5.87866881e-01
1.81000000e+00   5.88184521e-01
1.82000000e+00   5.88468068e-01
1.83000000e+00   5.88717669e-01
1.84000000e+00   5.88933475e-01
1.85000000e+00   5.89115639e-01
1.86000000e+00   5.89264318e-01
1.87000000e+00   5.89379671e-01
1.88000000e+00   5.89461860e-01
1.89000000e+00   5.89511050e-01
1.90000000e+00   5.89527409e-01
1.91000000e+00   5.89511107e-01
1.92000000e+00   5.89462318e-01
1.93000000e+00   5.89381218e-01
1.94000000e+00   5.89267985e-01
1.95000000e+00   5.89122800e-01
1.96000000e+00   5.88945847e-01
1.97000000e+00   5.88737312e-01
1.98000000e+00   5.88497385e-01
1.99000000e+00   5.88226255e-01
2.00000000e+00   5.87924117e-01
2.01000000e+00   5.87591167e-01
2.02000000e+00   5.87227603e-01
2.03000000e+00   5.86833625e-01
2.04000000e+00   5.86409437e-01
2.05000000e+00   5.85955243e-01
2.06000000e+00   5.85471250e-01
2.07000000e+00   5.84957667e-01
2.08000000e+00   5.84414706e-01
2.09000000e+00   5.83842581e-01
2.10000000e+00   5.83241506e-01
2.11000000e+00   5.82611700e-01
2.12000000e+00   5.81953380e-01
2.13000000e+00   5.81266769e-01
2.14000000e+00   5.80552089e-01
2.15000000e+00   5.79809565e-01
2.16000000e+00   5.79039423e-01
2.17000000e+00   5.78241892e-01
2.18000000e+00   5.77417201e-01
2.19000000e+00   5.76565582e-01
2.20000000e+00   5.75687269e-01
2.21000000e+00   5.74782495e-01
2.22000000e+00   5.73851496e-01
2.23000000e+00   5.72894511e-01
2.24000000e+00   5.71911778e-01
2.25000000e+00   5.70903537e-01
2.26000000e+00   5.69870030e-01
2.27000000e+00   5.68811501e-01
2.28000000e+00   5.67728193e-01
2.29000000e+00   5.66620351e-01
2.30000000e+00   5.65488223e-01
2.31000000e+00   5.64332056e-01
2.32000000e+00   5.63152098e-01
2.33000000e+00   5.61948600e-01
2.34000000e+00   5.60721813e-01
2.35000000e+00   5.59471987e-01
2.36000000e+00   5.58199377e-01
2.37000000e+00   5.56904234e-01
2.38000000e+00   5.55586815e-01
2.39000000e+00   5.54247373e-01
2.40000000e+00   5.52886166e-01
2.41000000e+00   5.51503449e-01
2.42000000e+00   5.50099479e-01
2.43000000e+00   5.48674516e-01
2.44000000e+00   5.47228818e-01
2.45000000e+00   5.45762643e-01
2.46000000e+00   5.44276251e-01
2.47000000e+00   5.42769903e-01
2.48000000e+00   5.41243858e-01
2.49000000e+00   5.39698379e-01
2.50000000e+00   5.38133726e-01
2.51000000e+00   5.36550160e-01
2.52000000e+00   5.34947945e-01
2.53000000e+00   5.33327341e-01
2.54000000e+00   5.31688612e-01
2.55000000e+00   5.30032019e-01
2.56000000e+00   5.28357826e-01
2.57000000e+00   5.26666295e-01
2.58000000e+00   5.24957690e-01
2.59000000e+00   5.23232272e-01
2.60000000e+00   5.21490305e-01
2.61000000e+00   5.19732052e-01
2.62000000e+00   5.17957775e-01
2.63000000e+00   5.16167736e-01
2.64000000e+00   5.14362199e-01
2.65000000e+00   5.12541426e-01
2.66000000e+00   5.10705677e-01
2.67000000e+00   5.08855216e-01
2.68000000e+00   5.06990304e-01
2.69000000e+00   5.05111201e-01
2.70000000e+00   5.03218168e-01
2.71000000e+00   5.01311466e-01
2.72000000e+00   4.99391355e-01
2.73000000e+00   4.97458094e-01
2.74000000e+00   4.95511941e-01
2.75000000e+00   4.93553156e-01
2.76000000e+00   4.91581997e-01
2.77000000e+00   4.89598720e-01
2.78000000e+00   4.87603582e-01
2.79000000e+00   4.85596839e-01
2.80000000e+00   4.83578746e-01
2.81000000e+00   4.81549559e-01
2.82000000e+00   4.79509530e-01
2.83000000e+00   4.77458914e-01
2.84000000e+00   4.75397961e-01
2.85000000e+00   4.73326924e-01
2.86000000e+00   4.71246054e-01
2.87000000e+00   4.69155599e-01
2.88000000e+00   4.67055810e-01
2.89000000e+00   4.64946933e-01
2.90000000e+00   4.62829215e-01
2.91000000e+00   4.60702903e-01
2.92000000e+00   4.58568241e-01
2.93000000e+00   4.56425473e-01
2.94000000e+00   4.54274842e-01
2.95000000e+00   4.52116589e-01
2.96000000e+00   4.49950956e-01
2.97000000e+00   4.47778181e-01
2.98000000e+00   4.45598503e-01
2.99000000e+00   4.43412158e-01
3.00000000e+00   4.41219384e-01
3.01000000e+00   4.39020413e-01
3.02000000e+00   4.36815480e-01
3.03000000e+00   4.34604816e-01
3.04000000e+00   4.32388653e-01
3.05000000e+00   4.30167219e-01
3.06000000e+00   4.27940744e-01
3.07000000e+00   4.25709453e-01
3.08000000e+00   4.23473572e-01
3.09000000e+00   4.21233324e-01
3.10000000e+00   4.18988934e-01
3.11000000e+00   4.16740620e-01
3.12000000e+00   4.14488604e-01
3.13000000e+00   4.12233104e-01
3.14000000e+00   4.09974335e-01
3.15000000e+00   4.07712513e-01
3.16000000e+00   4.05447852e-01
3.17000000e+00   4.03180564e-01
3.18000000e+00   4.00910859e-01
3.19000000e+00   3.98638947e-01
3.20000000e+00   3.96365034e-01
3.21000000e+00   3.94089326e-01
3.22000000e+00   3.91812028e-01
3.23000000e+00   3.89533342e-01
3.24000000e+00   3.87253469e-01
3.25000000e+00   3.84972609e-01
3.26000000e+00   3.82690957e-01
3.27000000e+00   3.80408712e-01
3.28000000e+00   3.78126066e-01
3.29000000e+00   3.75843212e-01
3.30000000e+00   3.73560341e-01
3.31000000e+00   3.71277642e-01
3.32000000e+00   3.68995302e-01
3.33000000e+00   3.66713506e-01
3.34000000e+00   3.64432439e-01
3.35000000e+00   3.62152282e-01
3.36000000e+00   3.59873216e-01
3.37000000e+00   3.57595419e-01
3.38000000e+00   3.55319067e-01
3.39000000e+00   3.53044336e-01
3.40000000e+00   3.50771399e-01
3.41000000e+00   3.48500426e-01
3.42000000e+00   3.46231587e-01
3.43000000e+00   3.43965050e-01
3.44000000e+00   3.41700981e-01
3.45000000e+00   3.39439542e-01
3.46000000e+00   3.37180897e-01
3.47000000e+00   3.34925206e-01
3.48000000e+00   3.32672626e-01
3.49000000e+00   3.30423315e-01
3.50000000e+00   3.28177426e-01
3.51000000e+00   3.25935114e-01
3.52000000e+00   3.23696528e-01
3.53000000e+00   3.21461817e-01
3.54000000e+00   3.19231130e-01
3.55000000e+00   3.17004610e-01
3.56000000e+00   3.14782402e-01
3.57000000e+00   3.12564647e-01
3.58000000e+00   3.10351484e-01
3.59000000e+00   3.08143052e-01
3.60000000e+00   3.05939485e-01
3.61000000e+00   3.03740920e-01
3.62000000e+00   3.01547486e-01
3.63000000e+00   2.99359315e-01
3.64000000e+00   2.97176535e-01
3.65000000e+00   2.94999272e-01
3.66000000e+00   2.92827651e-01
3.67000000e+00   2.90661795e-01
3.68000000e+00   2.88501824e-01
3.69000000e+00   2.86347858e-01
3.70000000e+00   2.84200014e-01
3.71000000e+00   2.82058406e-01
3.72000000e+00   2.79923148e-01
3.73000000e+00   2.77794353e-01
3.74000000e+00   2.75672128e-01
3.75000000e+00   2.73556583e-01
3.76000000e+00   2.71447823e-01
3.77000000e+00   2.69345953e-01
3.78000000e+00   2.67251074e-01
3.79000000e+00   2.65163287e-01
3.80000000e+00   2.63082690e-01
3.81000000e+00   2.61009381e-01
3.82000000e+00   2.58943455e-01
3.83000000e+00   2.56885004e-01
3.84000000e+00   2.54834120e-01
3.85000000e+00   2.52790893e-01
3.86000000e+00   2.50755410e-01
3.87000000e+00   2.48727757e-01
3.88000000e+00   2.46708019e-01
3.89000000e+00   2.44696278e-01
3.90000000e+00   2.42692614e-01
3.91000000e+00   2.40697107e-01
3.92000000e+00   2.38709834e-01
3.93000000e+00   2.36730870e-01
3.94000000e+00   2.34760289e-01
3.95000000e+00   2.32798163e-01
3.96000000e+00   2.30844562e-01
3.97000000e+00   2.28899555e-01
3.98000000e+00   2.26963209e-01
3.99000000e+00   2.25035588e-01
4.00000000e+00   2.23116757e-01
4.01000000e+00   2.21206776e-01
4.02000000e+00   2.19305708e-01
4.03000000e+00   2.17413609e-01
4.04000000e+00   2.15530537e-01
4.05000000e+00   2.13656547e-01
4.06000000e+00   2.11791693e-01
4.07000000e+00   2.09936026e-01
4.08000000e+00   2.08089598e-01
4.09000000e+00   2.06252457e-01
4.10000000e+00   2.04424651e-01
4.11000000e+00   2.02606225e-01
4.12000000e+00   2.00797223e-01
4.13000000e+00   1.98997689e-01
4.14000000e+00   1.97207663e-01
4.15000000e+00   1.95427184e-01
4.16000000e+00   1.93656292e-01
4.17000000e+00   1.91895022e-01
4.18000000e+00   1.90143409e-01
4.19000000e+00   1.88401489e-01
4.20000000e+00   1.86669291e-01
4.21000000e+00   1.84946849e-01
4.22000000e+00   1.83234190e-01
4.23000000e+00   1.81531342e-01
4.24000000e+00   1.79838333e-01
4.25000000e+00   1.78155187e-01
4.26000000e+00   1.76481928e-01
4.27000000e+00   1.74818579e-01
4.28000000e+00   1.73165160e-01
4.29000000e+00   1.71521691e-01
4.30000000e+00   1.69888191e-01
4.31000000e+00   1.68264677e-01
4.32000000e+00   1.66651163e-01
4.33000000e+00   1.65047666e-01
4.34000000e+00   1.63454197e-01
4.35000000e+00   1.61870769e-01
4.36000000e+00   1.60297393e-01
4.37000000e+00   1.58734078e-01
4.38000000e+00   1.57180832e-01
4.39000000e+00   1.55637662e-01
4.40000000e+00   1.54104574e-01
4.41000000e+00   1.52581573e-01
4.42000000e+00   1.51068662e-01
4.43000000e+00   1.49565843e-01
4.44000000e+00   1.48073118e-01
4.45000000e+00   1.46590486e-01
4.46000000e+00   1.45117947e-01
4.47000000e+00   1.43655499e-01
4.48000000e+00   1.42203137e-01
4.49000000e+00   1.40760859e-01
4.50000000e+00   1.39328657e-01
4.51000000e+00   1.37906527e-01
4.52000000e+00   1.36494460e-01
4.53000000e+00   1.35092449e-01
4.54000000e+00   1.33700483e-01
4.55000000e+00   1.32318552e-01
4.56000000e+00   1.30946645e-01
4.57000000e+00   1.29584749e-01
4.58000000e+00   1.28232852e-01
4.59000000e+00   1.26890938e-01
4.60000000e+00   1.25558993e-01
4.61000000e+00   1.24237000e-01
4.62000000e+00   1.22924942e-01
4.63000000e+00   1.21622803e-01
4.64000000e+00   1.20330562e-01
4.65000000e+00   1.19048200e-01
4.66000000e+00   1.17775697e-01
4.67000000e+00   1.16513032e-01
4.68000000e+00   1.15260183e-01
4.69000000e+00   1.14017126e-01
4.70000000e+00   1.12783838e-01
4.71000000e+00   1.11560295e-01
4.72000000e+00   1.10346472e-01
4.73000000e+00   1.09142342e-01
4.74000000e+00   1.07947879e-01
4.75000000e+00   1.06763056e-01
4.76000000e+00   1.05587844e-01
4.77000000e+00   1.04422215e-01
4.78000000e+00   1.03266140e-01
4.79000000e+00   1.02119588e-01
4.80000000e+00   1.00982528e-01
4.81000000e+00   9.98549296e-02
4.82000000e+00   9.87367603e-02
4.83000000e+00   9.76279876e-02
4.84000000e+00   9.65285782e-02
4.85000000e+00   9.54384983e-02
4.86000000e+00   9.43577135e-02
4.87000000e+00   9.32861889e-02
4.88000000e+00   9.22238889e-02
4.89000000e+00   9.11707775e-02
4.90000000e+00   9.01268181e-02
4.91000000e+00   8.90919736e-02
4.92000000e+00   8.80662064e-02
4.93000000e+00   8.70494785e-02
4.94000000e+00   8.60417513e-02
4.95000000e+00   8.50429857e-02
4.96000000e+00   8.40531423e-02
4.97000000e+00   8.30721812e-02
4.98000000e+00   8.21000619e-02
4.99000000e+00   8.11367436e-02
5.00000000e+00   8.01821853e-02
5.01000000e+00   7.92363453e-02
5.02000000e+00   7.82991816e-02
5.03000000e+00   7.73706518e-02
5.04000000e+00   7.64507133e-02
5.05000000e+00   7.55393230e-02
5.06000000e+00   7.46364374e-02
5.07000000e+00   7.37420128e-02
5.08000000e+00   7.28560051e-02
5.09000000e+00   7.19783700e-02
5.10000000e+00   7.11090627e-02
5.11000000e+00   7.02480383e-02
5.12000000e+00   6.93952515e-02
5.13000000e+00   6.85506568e-02
5.14000000e+00   6.77142084e-02
5.15000000e+00   6.68858602e-02
5.16000000e+00   6.60655661e-02
5.17000000e+00   6.52532794e-02
5.18000000e+00   6.44489535e-02
5.19000000e+00   6.36525414e-02
5.20000000e+00   6.28639960e-02
5.21000000e+00   6.20832699e-02
5.22000000e+00   6.13103156e-02
5.23000000e+00   6.05450854e-02
5.24000000e+00   5.97875315e-02
5.25000000e+00   5.90376059e-02
5.26000000e+00   5.82952603e-02
5.27000000e+00   5.75604466e-02
5.28000000e+00   5.68331162e-02
5.29000000e+00   5.61132206e-02
5.30000000e+00   5.54007112e-02
5.31000000e+00   5.46955391e-02
5.32000000e+00   5.39976556e-02
5.33000000e+00   5.33070117e-02
5.34000000e+00   5.26235582e-02
5.35000000e+00   5.19472462e-02
5.36000000e+00   5.12780265e-02
5.37000000e+00   5.06158498e-02
5.38000000e+00   4.99606669e-02
5.39000000e+00   4.93124284e-02
5.40000000e+00   4.86710851e-02
5.41000000e+00   4.80365874e-02
5.42000000e+00   4.74088860e-02
5.43000000e+00   4.67879316e-02
5.44000000e+00   4.61736747e-02
5.45000000e+00   4.55660658e-02
5.46000000e+00   4.49650556e-02
5.47000000e+00   4.43705947e-02
5.48000000e+00   4.37826337e-02
5.49000000e+00   4.32011233e-02
5.50000000e+00   4.26260141e-02
5.51000000e+00   4.20572570e-02
5.52000000e+00   4.14948025e-02
5.53000000e+00   4.09386017e-02
5.54000000e+00   4.03886054e-02
5.55000000e+00   3.98447645e-02
5.56000000e+00   3.93070301e-02
5.57000000e+00   3.87753532e-02
5.58000000e+00   3.82496851e-02
5.59000000e+00   3.77299770e-02
5.60000000e+00   3.72161803e-02
5.61000000e+00   3.67082464e-02
5.62000000e+00   3.62061268e-02
5.63000000e+00   3.57097734e-02
5.64000000e+00   3.52191377e-02
5.65000000e+00   3.47341718e-02
5.66000000e+00   3.42548276e-02
5.67000000e+00   3.37810574e-02
5.68000000e+00   3.33128133e-02
5.69000000e+00   3.28500478e-02
5.70000000e+00   3.23927134e-02
5.71000000e+00   3.19407629e-02
5.72000000e+00   3.14941490e-02
5.73000000e+00   3.10528249e-02
5.74000000e+00   3.06167436e-02
5.75000000e+00   3.01858585e-02
5.76000000e+00   2.97601231e-02
5.77000000e+00   2.93394909e-02
5.78000000e+00   2.89239159e-02
5.79000000e+00   2.85133521e-02
5.80000000e+00   2.81077536e-02
5.81000000e+00   2.77070748e-02
5.82000000e+00   2.73112702e-02
5.83000000e+00   2.69202946e-02
5.84000000e+00   2.65341030e-02
5.85000000e+00   2.61526504e-02
5.86000000e+00   2.57758922e-02
5.87000000e+00   2.54037840e-02
5.88000000e+00   2.50362814e-02
5.89000000e+00   2.46733404e-02
5.90000000e+00   2.43149172e-02
5.91000000e+00   2.39609681e-02
5.92000000e+00   2.36114498e-02
5.93000000e+00   2.32663189e-02
5.94000000e+00   2.29255327e-02
5.95000000e+00   2.25890482e-02
5.96000000e+00   2.22568230e-02
5.97000000e+00   2.19288147e-02
5.98000000e+00   2.16049814e-02
5.99000000e+00   2.12852811e-02
6.00000000e+00   2.09696722e-02
6.01000000e+00   2.06581134e-02
6.02000000e+00   2.03505635e-02
6.03000000e+00   2.00469817e-02
6.04000000e+00   1.97473273e-02
6.05000000e+00   1.94515598e-02
6.06000000e+00   1.91596391e-02
6.07000000e+00   1.88715253e-02
6.08000000e+00   1.85871787e-02
6.09000000e+00   1.83065598e-02
6.10000000e+00   1.80296295e-02
6.11000000e+00   1.77563488e-02
6.12000000e+00   1.74866791e-02
6.13000000e+00   1.72205819e-02
6.14000000e+00   1.69580191e-02
6.15000000e+00   1.66989527e-02
6.16000000e+00   1.64433450e-02
6.17000000e+00   1.61911587e-02
6.18000000e+00   1.59423566e-02
6.19000000e+00   1.56969018e-02
6.20000000e+00   1.54547577e-02
6.21000000e+00   1.52158878e-02
6.22000000e+00   1.49802562e-02
6.23000000e+00   1.47478268e-02
6.24000000e+00   1.45185642e-02
6.25000000e+00   1.42924329e-02
6.26000000e+00   1.40693980e-02
6.27000000e+00   1.38494245e-02
6.28000000e+00   1.36324780e-02
6.29000000e+00   1.34185242e-02
6.30000000e+00   1.32075290e-02
6.31000000e+00   1.29994586e-02
6.32000000e+00   1.27942797e-02
6.33000000e+00   1.25919588e-02
6.34000000e+00   1.23924632e-02
6.35000000e+00   1.21957599e-02
6.36000000e+00   1.20018167e-02
6.37000000e+00   1.18106013e-02
6.38000000e+00   1.16220818e-02
6.39000000e+00   1.14362265e-02
6.40000000e+00   1.12530041e-02
6.41000000e+00   1.10723834e-02
6.42000000e+00   1.08943334e-02
6.43000000e+00   1.07188237e-02
6.44000000e+00   1.05458239e-02
6.45000000e+00   1.03753038e-02
6.46000000e+00   1.02072336e-02
6.47000000e+00   1.00415838e-02
6.48000000e+00   9.87832500e-03
6.49000000e+00   9.71742819e-03
6.50000000e+00   9.55886456e-03
6.51000000e+00   9.40260557e-03
6.52000000e+00   9.24862292e-03
6.53000000e+00   9.09688860e-03
6.54000000e+00   8.94737481e-03
6.55000000e+00   8.80005404e-03
6.56000000e+00   8.65489901e-03
6.57000000e+00   8.51188272e-03
6.58000000e+00   8.37097840e-03
6.59000000e+00   8.23215952e-03
6.60000000e+00   8.09539984e-03
6.61000000e+00   7.96067333e-03
6.62000000e+00   7.82795422e-03
6.63000000e+00   7.69721700e-03
6.64000000e+00   7.56843639e-03
6.65000000e+00   7.44158737e-03
6.66000000e+00   7.31664514e-03
6.67000000e+00   7.19358517e-03
6.68000000e+00   7.07238316e-03
6.69000000e+00   6.95301504e-03
6.70000000e+00   6.83545700e-03
6.71000000e+00   6.71968547e-03
6.72000000e+00   6.60567708e-03
6.73000000e+00   6.49340875e-03
6.74000000e+00   6.38285759e-03
6.75000000e+00   6.27400097e-03
6.76000000e+00   6.16681649e-03
6.77000000e+00   6.06128196e-03
6.78000000e+00   5.95737546e-03
6.79000000e+00   5.85507526e-03
6.80000000e+00   5.75435988e-03
6.81000000e+00   5.65520805e-03
6.82000000e+00   5.55759874e-03
6.83000000e+00   5.46151115e-03
6.84000000e+00   5.36692468e-03
6.85000000e+00   5.27381896e-03
6.86000000e+00   5.18217385e-03
6.87000000e+00   5.09196942e-03
6.88000000e+00   5.00318595e-03
6.89000000e+00   4.91580395e-03
6.90000000e+00   4.82980413e-03
6.91000000e+00   4.74516743e-03
6.92000000e+00   4.66187498e-03
6.93000000e+00   4.57990814e-03
6.94000000e+00   4.49924847e-03
6.95000000e+00   4.41987774e-03
6.96000000e+00   4.34177791e-03
6.97000000e+00   4.26493117e-03
6.98000000e+00   4.18931990e-03
6.99000000e+00   4.11492667e-03
7.00000000e+00   4.04173427e-03
7.01000000e+00   3.96972569e-03
7.02000000e+00   3.89888408e-03
7.03000000e+00   3.82919284e-03
7.04000000e+00   3.76063552e-03
7.05000000e+00   3.69319588e-03
7.06000000e+00   3.62685787e-03
7.07000000e+00   3.56160563e-03
7.08000000e+00   3.49742350e-03
7.09000000e+00   3.43429597e-03
7.10000000e+00   3.37220776e-03
7.11000000e+00   3.31114374e-03
7.12000000e+00   3.25108898e-03
7.13000000e+00   3.19202872e-03
7.14000000e+00   3.13394839e-03
7.15000000e+00   3.07683359e-03
7.16000000e+00   3.02067010e-03
7.17000000e+00   2.96544386e-03
7.18000000e+00   2.91114101e-03
7.19000000e+00   2.85774784e-03
7.20000000e+00   2.80525081e-03
7.21000000e+00   2.75363657e-03
7.22000000e+00   2.70289192e-03
7.23000000e+00   2.65300382e-03
7.24000000e+00   2.60395940e-03
7.25000000e+00   2.55574596e-03
7.26000000e+00   2.50835096e-03
7.27000000e+00   2.46176201e-03
7.28000000e+00   2.41596689e-03
7.29000000e+00   2.37095352e-03
7.30000000e+00   2.32670999e-03
7.31000000e+00   2.28322454e-03
7.32000000e+00   2.24048557e-03
7.33000000e+00   2.19848161e-03
7.34000000e+00   2.15720135e-03
7.35000000e+00   2.11663364e-03
7.36000000e+00   2.07676746e-03
7.37000000e+00   2.03759194e-03
7.38000000e+00   1.99909636e-03
7.39000000e+00   1.96127014e-03
7.40000000e+00   1.92410282e-03
7.41000000e+00   1.88758412e-03
7.42000000e+00   1.85170386e-03
7.43000000e+00   1.81645201e-03
7.44000000e+00   1.78181868e-03
7.45000000e+00   1.74779412e-03
7.46000000e+00   1.71436869e-03
7.47000000e+00   1.68153290e-03
7.48000000e+00   1.64927738e-03
7.49000000e+00   1.61759289e-03
7.50000000e+00   1.58647032e-03
7.51000000e+00   1.55590068e-03
7.52000000e+00   1.52587512e-03
7.53000000e+00   1.49638488e-03
7.54000000e+00   1.46742136e-03
7.55000000e+00   1.43897606e-03
7.56000000e+00   1.41104059e-03
7.57000000e+00   1.38360669e-03
7.58000000e+00   1.35666623e-03
7.59000000e+00   1.33021116e-03
7.60000000e+00   1.30423358e-03
7.61000000e+00   1.27872568e-03
7.62000000e+00   1.25367976e-03
7.63000000e+00   1.22908824e-03
7.64000000e+00   1.20494364e-03
7.65000000e+00   1.18123861e-03
7.66000000e+00   1.15796587e-03
7.67000000e+00   1.13511827e-03
7.68000000e+00   1.11268876e-03
7.69000000e+00   1.09067039e-03
7.70000000e+00   1.06905630e-03
7.71000000e+00   1.04783975e-03
7.72000000e+00   1.02701409e-03
7.73000000e+00   1.00657277e-03
7.74000000e+00   9.86509318e-04
7.75000000e+00   9.66817387e-04
7.76000000e+00   9.47490707e-04
7.77000000e+00   9.28523104e-04
7.78000000e+00   9.09908497e-04
7.79000000e+00   8.91640894e-04
7.80000000e+00   8.73714394e-04
7.81000000e+00   8.56123185e-04
7.82000000e+00   8.38861542e-04
7.83000000e+00   8.21923825e-04
7.84000000e+00   8.05304481e-04
7.85000000e+00   7.88998042e-04
7.86000000e+00   7.72999121e-04
7.87000000e+00   7.57302414e-04
7.88000000e+00   7.41902698e-04
7.89000000e+00   7.26794832e-04
7.90000000e+00   7.11973751e-04
7.91000000e+00   6.97434470e-04
7.92000000e+00   6.83172081e-04
7.93000000e+00   6.69181750e-04
7.94000000e+00   6.55458721e-04
7.95000000e+00   6.41998310e-04
7.96000000e+00   6.28795906e-04
7.97000000e+00   6.15846973e-04
7.98000000e+00   6.03147042e-04
7.99000000e+00   5.90691718e-04
8.00000000e+00   5.78476672e-04
8.01000000e+00   5.66497646e-04
8.02000000e+00   5.54750448e-04
8.03000000e+00   5.43230954e-04
8.04000000e+00   5.31935103e-04
8.05000000e+00   5.20858903e-04
8.06000000e+00   5.09998422e-04
8.07000000e+00   4.99349792e-04
8.08000000e+00   4.88909209e-04
8.09000000e+00   4.78672928e-04
8.10000000e+00   4.68637267e-04
8.11000000e+00   4.58798600e-04
8.12000000e+00   4.49153363e-04
8.13000000e+00   4.39698049e-04
8.14000000e+00   4.30429208e-04
8.15000000e+00   4.21343447e-04
8.16000000e+00   4.12437428e-04
8.17000000e+00   4.03707867e-04
8.18000000e+00   3.95151536e-04
8.19000000e+00   3.86765260e-04
8.20000000e+00   3.78545914e-04
8.21000000e+00   3.70490427e-04
8.22000000e+00   3.62595780e-04
8.23000000e+00   3.54859002e-04
8.24000000e+00   3.47277172e-04
8.25000000e+00   3.39847419e-04
8.26000000e+00   3.32566919e-04
8.27000000e+00   3.25432896e-04
8.28000000e+00   3.18442621e-04
8.29000000e+00   3.11593411e-04
8.30000000e+00   3.04882628e-04
8.31000000e+00   2.98307677e-04
8.32000000e+00   2.91866012e-04
8.33000000e+00   2.85555125e-04
8.34000000e+00   2.79372554e-04
8.35000000e+00   2.73315878e-04
8.36000000e+00   2.67382718e-04
8.37000000e+00   2.61570735e-04
8.38000000e+00   2.55877632e-04
8.39000000e+00   2.50301149e-04
8.40000000e+00   2.44839067e-04
8.41000000e+00   2.39489206e-04
8.42000000e+00   2.34249421e-04
8.43000000e+00   2.29117608e-04
8.44000000e+00   2.24091697e-04
8.45000000e+00   2.19169655e-04
8.46000000e+00   2.14349485e-04
8.47000000e+00   2.09629225e-04
8.48000000e+00   2.05006946e-04
8.49000000e+00   2.00480755e-04
8.50000000e+00   1.96048791e-04
8.51000000e+00   1.91709228e-04
8.52000000e+00   1.87460269e-04
8.53000000e+00   1.83300153e-04
8.54000000e+00   1.79227146e-04
8.55000000e+00   1.75239549e-04
8.56000000e+00   1.71335691e-04
8.57000000e+00   1.67513931e-04
8.58000000e+00   1.63772658e-04
8.59000000e+00   1.60110291e-04
8.60000000e+00   1.56525275e-04
8.61000000e+00   1.53016085e-04
8.62000000e+00   1.49581224e-04
8.63000000e+00   1.46219220e-04
8.64000000e+00   1.42928629e-04
8.65000000e+00   1.39708035e-04
8.66000000e+00   1.36556045e-04
8.67000000e+00   1.33471292e-04
8.68000000e+00   1.30452435e-04
8.69000000e+00   1.27498158e-04
8.70000000e+00   1.24607168e-04
8.71000000e+00   1.21778196e-04
8.72000000e+00   1.19009997e-04
8.73000000e+00   1.16301348e-04
8.74000000e+00   1.13651051e-04
8.75000000e+00   1.11057927e-04
8.76000000e+00   1.08520821e-04
8.77000000e+00   1.06038600e-04
8.78000000e+00   1.03610150e-04
8.79000000e+00   1.01234380e-04
8.80000000e+00   9.89102185e-05
8.81000000e+00   9.66366136e-05
8.82000000e+00   9.44125340e-05
8.83000000e+00   9.22369676e-05
8.84000000e+00   9.01089216e-05
8.85000000e+00   8.80274217e-05
8.86000000e+00   8.59915122e-05
8.87000000e+00   8.40002555e-05
8.88000000e+00   8.20527320e-05
8.89000000e+00   8.01480395e-05
8.90000000e+00   7.82852929e-05
8.91000000e+00   7.64636245e-05
8.92000000e+00   7.46821826e-05
8.93000000e+00   7.29401325e-05
8.94000000e+00   7.12366550e-05
8.95000000e+00   6.95709471e-05
8.96000000e+00   6.79422210e-05
8.97000000e+00   6.63497045e-05
8.98000000e+00   6.47926401e-05
8.99000000e+00   6.32702850e-05
9.00000000e+00   6.17819110e-05
9.01000000e+00   6.03268039e-05
9.02000000e+00   5.89042638e-05
9.03000000e+00   5.75136040e-05
9.04000000e+00   5.61541517e-05
9.05000000e+00   5.48252470e-05
9.06000000e+00   5.35262431e-05
9.07000000e+00   5.22565060e-05
9.08000000e+00   5.10154141e-05
9.09000000e+00   4.98023581e-05
9.10000000e+00   4.86167409e-05
9.11000000e+00   4.74579770e-05
9.12000000e+00   4.63254928e-05
9.13000000e+00   4.52187260e-05
9.14000000e+00   4.41371254e-05
9.15000000e+00   4.30801510e-05
9.16000000e+00   4.20472736e-05
9.17000000e+00   4.10379744e-05
9.18000000e+00   4.00517452e-05
9.19000000e+00   3.90880881e-05
9.20000000e+00   3.81465149e-05
9.21000000e+00   3.72265476e-05
9.22000000e+00   3.63277177e-05
9.23000000e+00   3.54495663e-05
9.24000000e+00   3.45916436e-05
9.25000000e+00   3.37535091e-05
9.26000000e+00   3.29347313e-05
9.27000000e+00   3.21348874e-05
9.28000000e+00   3.13535632e-05
9.29000000e+00   3.05903532e-05
9.30000000e+00   2.98448600e-05
9.31000000e+00   2.91166943e-05
9.32000000e+00   2.84054751e-05
9.33000000e+00   2.77108289e-05
9.34000000e+00   2.70323902e-05
9.35000000e+00   2.63698009e-05
9.36000000e+00   2.57227102e-05
9.37000000e+00   2.50907749e-05
9.38000000e+00   2.44736587e-05
9.39000000e+00   2.38710322e-05
9.40000000e+00   2.32825732e-05
9.41000000e+00   2.27079659e-05
9.42000000e+00   2.21469012e-05
9.43000000e+00   2.15990765e-05
9.44000000e+00   2.10641956e-05
9.45000000e+00   2.05419685e-05
9.46000000e+00   2.00321111e-05
9.47000000e+00   1.95343456e-05
9.48000000e+00   1.90483998e-05
9.49000000e+00   1.85740075e-05
9.50000000e+00   1.81109079e-05
9.51000000e+00   1.76588459e-05
9.52000000e+00   1.72175717e-05
9.53000000e+00   1.67868409e-05
9.54000000e+00   1.63664143e-05
9.55000000e+00   1.59560577e-05
9.56000000e+00   1.55555421e-05
9.57000000e+00   1.51646432e-05
9.58000000e+00   1.47831417e-05
9.59000000e+00   1.44108228e-05
9.60000000e+00   1.40474765e-05
9.61000000e+00   1.36928972e-05
9.62000000e+00   1.33468838e-05
9.63000000e+00   1.30092397e-05
9.64000000e+00   1.26797722e-05
9.65000000e+00   1.23582930e-05
9.66000000e+00   1.20446179e-05
9.67000000e+00   1.17385668e-05
9.68000000e+00   1.14399631e-05
9.69000000e+00   1.11486346e-05
9.70000000e+00   1.08644125e-05
9.71000000e+00   1.05871317e-05
9.72000000e+00   1.03166310e-05
9.73000000e+00   1.00527525e-05
9.74000000e+00   9.79534172e-06
9.75000000e+00   9.54424777e-06
9.76000000e+00   9.29932298e-06
9.77000000e+00   9.06042297e-06
9.78000000e+00   8.82740652e-06
9.79000000e+00   8.60013559e-06
9.80000000e+00   8.37847514e-06
9.81000000e+00   8.16229319e-06
9.82000000e+00   7.95146064e-06
9.83000000e+00   7.74585131e-06
9.84000000e+00   7.54534182e-06
9.85000000e+00   7.34981153e-06
9.86000000e+00   7.15914253e-06
9.87000000e+00   6.97321953e-06
9.88000000e+00   6.79192983e-06
9.89000000e+00   6.61516328e-06
9.90000000e+00   6.44281219e-06
9.91000000e+00   6.27477130e-06
9.92000000e+00   6.11093774e-06
9.93000000e+00   5.95121094e-06
9.94000000e+00   5.79549265e-06
9.95000000e+00   5.64368680e-06
9.96000000e+00   5.49569953e-06
9.97000000e+00   5.35143911e-06
9.98000000e+00   5.21081589e-06
9.99000000e+00   5.07374228e-06
1.00000000e+01   4.94013267e-06
1.00100000e+01   4.80990342e-06
1.00200000e+01   4.68297282e-06
1.00300000e+01   4.55926100e-06
1.00400000e+01   4.43868995e-06
1.00500000e+01   4.32118346e-06
1.00600000e+01   4.20666704e-06
1.00700000e+01   4.09506796e-06
1.00800000e+01   3.98631515e-06
1.00900000e+01   3.88033917e-06
1.01000000e+01   3.77707223e-06
1.01100000e+01   3.67644806e-06
1.01200000e+01   3.57840198e-06
1.01300000e+01   3.48287077e-06
1.01400000e+01   3.38979272e-06
1.01500000e+01   3.29910754e-06
1.01600000e+01   3.21075635e-06
1.01700000e+01   3.12468165e-06
1.01800000e+01   3.04082729e-06
1.01900000e+01   2.95913842e-06
1.02000000e+01   2.87956151e-06
1.02100000e+01   2.80204425e-06
1.02200000e+01   2.72653561e-06
1.02300000e+01   2.65298571e-06
1.02400000e+01   2.58134590e-06
1.02500000e+01   2.51156864e-06
1.02600000e+01   2.44360754e-06
1.02700000e+01   2.37741729e-06
1.02800000e+01   2.31295369e-06
1.02900000e+01   2.25017355e-06
1.03000000e+01   2.18903473e-06
1.03100000e+01   2.12949610e-06
1.03200000e+01   2.07151751e-06
1.03300000e+01   2.01505976e-06
1.03400000e+01   1.96008459e-06
1.03500000e+01   1.90655466e-06
1.03600000e+01   1.85443353e-06
1.03700000e+01   1.80368564e-06
1.03800000e+01   1.75427627e-06
1.03900000e+01   1.70617156e-06
1.04000000e+01   1.65933844e-06
1.04100000e+01   1.61374466e-06
1.04200000e+01   1.56935875e-06
1.04300000e+01   1.52614998e-06
1.04400000e+01   1.48408839e-06
1.04500000e+01   1.44314475e-06
1.04600000e+01   1.40329051e-06
1.04700000e+01   1.36449786e-06
1.04800000e+01   1.32673963e-06
1.04900000e+01   1.28998933e-06
1.05000000e+01   1.25422112e-06
1.05100000e+01   1.21940979e-06
1.05200000e+01   1.18553075e-06
1.05300000e+01   1.15256000e-06
1.05400000e+01   1.12047416e-06
1.05500000e+01   1.08925039e-06
1.05600000e+01   1.05886643e-06
1.05700000e+01   1.02930058e-06
1.05800000e+01   1.00053166e-06
1.05900000e+01   9.72539027e-07
1.06000000e+01   9.45302533e-07
1.06100000e+01   9.18802542e-07
1.06200000e+01   8.93019903e-07
1.06300000e+01   8.67935941e-07
1.06400000e+01   8.43532448e-07
1.06500000e+01   8.19791667e-07
1.06600000e+01   7.96696286e-07
1.06700000e+01   7.74229425e-07
1.06800000e+01   7.52374628e-07
1.06900000e+01   7.31115850e-07
1.07000000e+01   7.10437450e-07
1.07100000e+01   6.90324178e-07
1.07200000e+01   6.70761169e-07
1.07300000e+01   6.51733933e-07
1.07400000e+01   6.33228345e-07
1.07500000e+01   6.15230635e-07
1.07600000e+01   5.97727384e-07
1.07700000e+01   5.80705510e-07
1.07800000e+01   5.64152266e-07
1.07900000e+01   5.48055225e-07
1.08000000e+01   5.32402278e-07
1.08100000e+01   5.17181623e-07
1.08200000e+01   5.02381760e-07
1.08300000e+01   4.87991480e-07
1.08400000e+01   4.73999862e-07
1.08500000e+01   4.60396265e-07
1.08600000e+01   4.47170318e-07
1.08700000e+01   4.34311918e-07
1.08800000e+01   4.21811219e-07
1.08900000e+01   4.09658632e-07
1.09000000e+01   3.97844810e-07
1.09100000e+01   3.86360650e-07
1.09200000e+01   3.75197282e-07
1.09300000e+01   3.64346066e-07
1.09400000e+01   3.53798585e-07
1.09500000e+01   3.43546640e-07
1.09600000e+01   3.33582245e-07
1.09700000e+01   3.23897620e-07
1.09800000e+01   3.14485188e-07
1.09900000e+01   3.05337569e-07
1.10000000e+01   2.96447574e-07
1.10100000e+01   2.87808204e-07
1.10200000e+01   2.79412641e-07
1.10300000e+01   2.71254244e-07
1.10400000e+01   2.63326549e-07
1.10500000e+01   2.55623258e-07
1.10600000e+01   2.48138240e-07
1.10700000e+01   2.40865526e-07
1.10800000e+01   2.33799300e-07
1.10900000e+01   2.26933905e-07
1.11000000e+01   2.20263827e-07
1.11100000e+01   2.13783702e-07
1.11200000e+01   2.07488305e-07
1.11300000e+01   2.01372550e-07
1.11400000e+01   1.95431488e-07
1.11500000e+01   1.89660296e-07
1.11600000e+01   1.84054285e-07
1.11700000e+01   1.78608886e-07
1.11800000e+01   1.73319653e-07
1.11900000e+01   1.68182259e-07
1.12000000e+01   1.63192493e-07
1.12100000e+01   1.58346255e-07
1.12200000e+01   1.53639554e-07
1.12300000e+01   1.49068509e-07
1.12400000e+01   1.44629338e-07
1.12500000e+01   1.40318366e-07
1.12600000e+01   1.36132012e-07
1.12700000e+01   1.32066794e-07
1.12800000e+01   1.28119323e-07
1.12900000e+01   1.24286301e-07
1.13000000e+01   1.20564520e-07
1.13100000e+01   1.16950857e-07
1.13200000e+01   1.13442274e-07
1.13300000e+01   1.10035817e-07
1.13400000e+01   1.06728610e-07
1.13500000e+01   1.03517855e-07
1.13600000e+01   1.00400831e-07
1.13700000e+01   9.73748907e-08
1.13800000e+01   9.44374591e-08
1.13900000e+01   9.15860310e-08
1.14000000e+01   8.88181695e-08
1.14100000e+01   8.61315046e-08
1.14200000e+01   8.35237309e-08
1.14300000e+01   8.09926061e-08
1.14400000e+01   7.85359495e-08
1.14500000e+01   7.61516402e-08
1.14600000e+01   7.38376156e-08
1.14700000e+01   7.15918696e-08
1.14800000e+01   6.94124517e-08
1.14900000e+01   6.72974649e-08
1.15000000e+01   6.52450646e-08
1.15100000e+01   6.32534573e-08
1.15200000e+01   6.13208989e-08
1.15300000e+01   5.94456936e-08
1.15400000e+01   5.76261929e-08
1.15500000e+01   5.58607937e-08
1.15600000e+01   5.41479375e-08
1.15700000e+01   5.24861094e-08
1.15800000e+01   5.08738363e-08
1.15900000e+01   4.93096865e-08
1.16000000e+01   4.77922680e-08
1.16100000e+01   4.63202279e-08
1.16200000e+01   4.48922509e-08
1.16300000e+01   4.35070587e-08
1.16400000e+01   4.21634087e-08
1.16500000e+01   4.08600933e-08
1.16600000e+01   3.95959387e-08
1.16700000e+01   3.83698041e-08
1.16800000e+01   3.71805811e-08
1.16900000e+01   3.60271920e-08
1.17000000e+01   3.49085901e-08
1.17100000e+01   3.38237577e-08
1.17200000e+01   3.27717062e-08
1.17300000e+01   3.17514750e-08
1.17400000e+01   3.07621306e-08
1.17500000e+01   2.98027660e-08
1.17600000e+01   2.88725000e-08
1.17700000e+01   2.79704763e-08
1.17800000e+01   2.70958631e-08
1.17900000e+01   2.62478524e-08
1.18000000e+01   2.54256589e-08
1.18100000e+01   2.46285201e-08
1.18200000e+01   2.38556951e-08
1.18300000e+01   2.31064641e-08
1.18400000e+01   2.23801281e-08
1.18500000e+01   2.16760081e-08
1.18600000e+01   2.09934445e-08
1.18700000e+01   2.03317967e-08
1.18800000e+01   1.96904426e-08
1.18900000e+01   1.90687778e-08
1.19000000e+01   1.84662156e-08
1.19100000e+01   1.78821860e-08
1.19200000e+01   1.73161356e-08
1.19300000e+01   1.67675269e-08
1.19400000e+01   1.62358380e-08
1.19500000e+01   1.57205622e-08
1.19600000e+01   1.52212074e-08
1.19700000e+01   1.47372957e-08
1.19800000e+01   1.42683633e-08
1.19900000e+01   1.38139598e-08
1.20000000e+01   1.33736479e-08
1.20100000e+01   1.29470030e-08
1.20200000e+01   1.25336131e-08
1.20300000e+01   1.21330779e-08
1.20400000e+01   1.17450091e-08
1.20500000e+01   1.13690296e-08
1.20600000e+01   1.10047736e-08
1.20700000e+01   1.06518856e-08
1.20800000e+01   1.03100210e-08
1.20900000e+01   9.97884501e-09
1.21000000e+01   9.65803283e-09
1.21100000e+01   9.34726919e-09
1.21200000e+01   9.04624814e-09
1.21300000e+01   8.75467275e-09
1.21400000e+01   8.47225486e-09
1.21500000e+01   8.19871484e-09
1.21600000e+01   7.93378134e-09
1.21700000e+01   7.67719105e-09
1.21800000e+01   7.42868847e-09
1.21900000e+01   7.18802570e-09
1.22000000e+01   6.95496219e-09
1.22100000e+01   6.72926457e-09
1.22200000e+01   6.51070641e-09
1.22300000e+01   6.29906803e-09
1.22400000e+01   6.09413633e-09
1.22500000e+01   5.89570455e-09
1.22600000e+01   5.70357214e-09
1.22700000e+01   5.51754452e-09
1.22800000e+01   5.33743298e-09
1.22900000e+01   5.16305445e-09
1.23000000e+01   4.99423136e-09
1.23100000e+01   4.83079149e-09
1.23200000e+01   4.67256779e-09
1.23300000e+01   4.51939825e-09
1.23400000e+01   4.37112573e-09
1.23500000e+01   4.22759785e-09
1.23600000e+01   4.08866684e-09
1.23700000e+01   3.95418937e-09
1.23800000e+01   3.82402648e-09
1.23900000e+01   3.69804340e-09
1.24000000e+01   3.57610946e-09
1.24100000e+01   3.45809795e-09
1.24200000e+01   3.34388601e-09
1.24300000e+01   3.23335453e-09
1.24400000e+01   3.12638802e-09
1.24500000e+01   3.02287451e-09
1.24600000e+01   2.92270544e-09
1.24700000e+01   2.82577558e-09
1.24800000e+01   2.73198291e-09
1.24900000e+01   2.64122853e-09
1.25000000e+01   2.55341656e-09
1.25100000e+01   2.46845410e-09
1.25200000e+01   2.38625104e-09
1.25300000e+01   2.30672010e-09
1.25400000e+01   2.22977664e-09
1.25500000e+01   2.15533865e-09
1.25600000e+01   2.08332664e-09
1.25700000e+01   2.01366356e-09
1.25800000e+01   1.94627475e-09
1.25900000e+01   1.88108787e-09
1.26000000e+01   1.81803279e-09
1.26100000e+01   1.75704157e-09
1.26200000e+01   1.69804838e-09
1.26300000e+01   1.64098941e-09
1.26400000e+01   1.58580285e-09
1.26500000e+01   1.53242881e-09
1.26600000e+01   1.48080926e-09
1.26700000e+01   1.43088797e-09
1.26800000e+01   1.38261048e-09
1.26900000e+01   1.33592401e-09
1.27000000e+01   1.29077743e-09
1.27100000e+01   1.24712124e-09
1.27200000e+01   1.20490744e-09
1.27300000e+01   1.16408957e-09
1.27400000e+01   1.12462262e-09
1.27500000e+01   1.08646297e-09
1.27600000e+01   1.04956840e-09
1.27700000e+01   1.01389801e-09
1.27800000e+01   9.79412168e-10
1.27900000e+01   9.46072512e-10
1.28000000e+01   9.13841881e-10
1.28100000e+01   8.82684287e-10
1.28200000e+01   8.52564880e-10
1.28300000e+01   8.23449910e-10
1.28400000e+01   7.95306699e-10
1.28500000e+01   7.68103601e-10
1.28600000e+01   7.41809974e-10
1.28700000e+01   7.16396149e-10
1.28800000e+01   6.91833399e-10
1.28900000e+01   6.68093911e-10
1.29000000e+01   6.45150757e-10
1.29100000e+01   6.22977868e-10
1.29200000e+01   6.01550003e-10
1.29300000e+01   5.80842731e-10
1.29400000e+01   5.60832398e-10
1.29500000e+01   5.41496107e-10
1.29600000e+01   5.22811696e-10
1.29700000e+01   5.04757711e-10
1.29800000e+01   4.87313386e-10
1.29900000e+01   4.70458621e-10
1.30000000e+01   4.54173964e-10
1.30100000e+01   4.38440587e-10
1.30200000e+01   4.23240266e-10
1.30300000e+01   4.08555368e-10
1.30400000e+01   3.94368826e-10
1.30500000e+01   3.80664123e-10
1.30600000e+01   3.67425279e-10
1.30700000e+01   3.54636827e-10
1.30800000e+01   3.42283803e-10
1.30900000e+01   3.30351725e-10
1.31000000e+01   3.18826585e-10
1.31100000e+01   3.07694825e-10
1.31200000e+01   2.96943329e-10
1.31300000e+01   2.86559408e-10
1.31400000e+01   2.76530786e-10
1.31500000e+01   2.66845585e-10
1.31600000e+01   2.57492317e-10
1.31700000e+01   2.48459866e-10
1.31800000e+01   2.39737481e-10
1.31900000e+01   2.31314762e-10
1.32000000e+01   2.23181648e-10
1.32100000e+01   2.15328409e-10
1.32200000e+01   2.07745633e-10
1.32300000e+01   2.00424218e-10
1.32400000e+01   1.93355358e-10
1.32500000e+01   1.86530541e-10
1.32600000e+01   1.79941530e-10
1.32700000e+01   1.73580362e-10
1.32800000e+01   1.67439337e-10
1.32900000e+01   1.61511007e-10
1.33000000e+01   1.55788170e-10
1.33100000e+01   1.50263864e-10
1.33200000e+01   1.44931355e-10
1.33300000e+01   1.39784134e-10
1.33400000e+01   1.34815904e-10
1.33500000e+01   1.30020582e-10
1.33600000e+01   1.25392283e-10
1.33700000e+01   1.20925318e-10
1.33800000e+01   1.16614188e-10
1.33900000e+01   1.12453578e-10
1.34000000e+01   1.08438347e-10
1.34100000e+01   1.04563527e-10
1.34200000e+01   1.00824318e-10
1.34300000e+01   9.72160758e-11
1.34400000e+01   9.37343150e-11
1.34500000e+01   9.03746988e-11
1.34600000e+01   8.71330358e-11
1.34700000e+01   8.40052751e-11
1.34800000e+01   8.09875015e-11
1.34900000e+01   7.80759316e-11
1.35000000e+01   7.52669087e-11
1.35100000e+01   7.25568994e-11
1.35200000e+01   6.99424890e-11
1.35300000e+01   6.74203780e-11
1.35400000e+01   6.49873780e-11
1.35500000e+01   6.26404083e-11
1.35600000e+01   6.03764923e-11
1.35700000e+01   5.81927539e-11
1.35800000e+01   5.60864143e-11
1.35900000e+01   5.40547889e-11
1.36000000e+01   5.20952839e-11
1.36100000e+01   5.02053939e-11
1.36200000e+01   4.83826980e-11
1.36300000e+01   4.66248581e-11
1.36400000e+01   4.49296152e-11
1.36500000e+01   4.32947873e-11
1.36600000e+01   4.17182670e-11
1.36700000e+01   4.01980184e-11
1.36800000e+01   3.87320753e-11
1.36900000e+01   3.73185386e-11
1.37000000e+01   3.59555740e-11
1.37100000e+01   3.46414102e-11
1.37200000e+01   3.33743364e-11
1.37300000e+01   3.21527004e-11
1.37400000e+01   3.09749067e-11
1.37500000e+01   2.98394147e-11
1.37600000e+01   2.87447366e-11
1.37700000e+01   2.76894358e-11
1.37800000e+01   2.66721252e-11
1.37900000e+01   2.56914654e-11
1.38000000e+01   2.47461632e-11
1.38100000e+01   2.38349701e-11
1.38200000e+01   2.29566805e-11
1.38300000e+01   2.21101309e-11
1.38400000e+01   2.12941975e-11
1.38500000e+01   2.05077959e-11
1.38600000e+01   1.97498789e-11
1.38700000e+01   1.90194359e-11
1.38800000e+01   1.83154912e-11
1.38900000e+01   1.76371031e-11
1.39000000e+01   1.69833626e-11
1.39100000e+01   1.63533923e-11
1.39200000e+01   1.57463453e-11
1.39300000e+01   1.51614045e-11
1.39400000e+01   1.45977810e-11
1.39500000e+01   1.40547136e-11
1.39600000e+01   1.35314676e-11
1.39700000e+01   1.30273341e-11
1.39800000e+01   1.25416289e-11
1.39900000e+01   1.20736919e-11
1.40000000e+01   1.16228860e-11
1.40100000e+01   1.11885967e-11
1.40200000e+01   1.07702307e-11
1.40300000e+01   1.03672159e-11
1.40400000e+01   9.97900013e-12
1.40500000e+01   9.60505073e-12
1.40600000e+01   9.24485380e-12
1.40700000e+01   8.89791355e-12
1.40800000e+01   8.56375170e-12
1.40900000e+01   8.24190685e-12
1.41000000e+01   7.93193393e-12
1.41100000e+01   7.63340361e-12
1.41200000e+01   7.34590174e-12
1.41300000e+01   7.06902887e-12
1.41400000e+01   6.80239973e-12
1.41500000e+01   6.54564268e-12
1.41600000e+01   6.29839933e-12
1.41700000e+01   6.06032401e-12
1.41800000e+01   5.83108334e-12
1.41900000e+01   5.61035583e-12
1.42000000e+01   5.39783145e-12
1.42100000e+01   5.19321121e-12
1.42200000e+01   4.99620682e-12
1.42300000e+01   4.80654025e-12
1.42400000e+01   4.62394346e-12
1.42500000e+01   4.44815797e-12
1.42600000e+01   4.27893456e-12
1.42700000e+01   4.11603296e-12
1.42800000e+01   3.95922150e-12
1.42900000e+01   3.80827684e-12
1.43000000e+01   3.66298365e-12
1.43100000e+01   3.52313436e-12
1.43200000e+01   3.38852887e-12
1.43300000e+01   3.25897427e-12
1.43400000e+01   3.13428462e-12
1.43500000e+01   3.01428069e-12
1.43600000e+01   2.89878969e-12
1.43700000e+01   2.78764511e-12
1.43800000e+01   2.68068646e-12
1.43900000e+01   2.57775902e-12
1.44000000e+01   2.47871372e-12
1.44100000e+01   2.38340687e-12
1.44200000e+01   2.29169999e-12
1.44300000e+01   2.20345964e-12
1.44400000e+01   2.11855721e-12
1.44500000e+01   2.03686880e-12
1.44600000e+01   1.95827499e-12
1.44700000e+01   1.88266072e-12
1.44800000e+01   1.80991511e-12
1.44900000e+01   1.73993135e-12
1.45000000e+01   1.67260652e-12
1.45100000e+01   1.60784144e-12
1.45200000e+01   1.54554059e-12
1.45300000e+01   1.48561193e-12
1.45400000e+01   1.42796677e-12
1.45500000e+01   1.37251971e-12
1.45600000e+01   1.31918846e-12
1.45700000e+01   1.26789376e-12
1.45800000e+01   1.21855924e-12
1.45900000e+01   1.17111137e-12
1.46000000e+01   1.12547930e-12
1.46100000e+01   1.08159480e-12
1.46200000e+01   1.03939216e-12
1.46300000e+01   9.98808090e-13
1.46400000e+01   9.59781626e-13
1.46500000e+01   9.22254066e-13
1.46600000e+01   8.86168877e-13
1.46700000e+01   8.51471616e-13
1.46800000e+01   8.18109857e-13
1.46900000e+01   7.86033116e-13
1.47000000e+01   7.55192781e-13
1.47100000e+01   7.25542046e-13
1.47200000e+01   6.97035841e-13
1.47300000e+01   6.69630772e-13
1.47400000e+01   6.43285061e-13
1.47500000e+01   6.17958484e-13
1.47600000e+01   5.93612315e-13
1.47700000e+01   5.70209272e-13
1.47800000e+01   5.47713466e-13
1.47900000e+01   5.26090347e-13
1.48000000e+01   5.05306657e-13
1.48100000e+01   4.85330379e-13
1.48200000e+01   4.66130698e-13
1.48300000e+01   4.47677952e-13
1.48400000e+01   4.29943591e-13
1.48500000e+01   4.12900135e-13
1.48600000e+01   3.96521137e-13
1.48700000e+01   3.80781144e-13
1.48800000e+01   3.65655659e-13
1.48900000e+01   3.51121107e-13
1.49000000e+01   3.37154802e-13
1.49100000e+01   3.23734911e-13
1.49200000e+01   3.10840426e-13
1.49300000e+01   2.98451132e-13
1.49400000e+01   2.86547577e-13
1.49500000e+01   2.75111044e-13
1.49600000e+01   2.64123525e-13
1.49700000e+01   2.53567694e-13
1.49800000e+01   2.43426880e-13
1.49900000e+01   2.33685045e-13
1.50000000e+01   2.24326761e-13
