0.00000000e+00   0.00000000e+00
1.00000000e-02   2.37639892e-03
2.00000000e-02   4.75268378e-03
3.00000000e-02   7.12874051e-03
4.00000000e-02   9.50445509e-03
5.00000000e-02   1.18797135e-02
6.00000000e-02   1.42544017e-02
7.00000000e-02   1.66284059e-02
8.00000000e-02   1.90016122e-02
9.00000000e-02   2.13739066e-02
1.00000000e-01   2.37451756e-02
1.10000000e-01   2.61153054e-02
1.20000000e-01   2.84841825e-02
1.30000000e-01   3.08516934e-02
1.40000000e-01   3.32177248e-02
1.50000000e-01   3.55821634e-02
1.60000000e-01   3.79448962e-02
1.70000000e-01   4.03058100e-02
1.80000000e-01   4.26647922e-02
1.90000000e-01   4.50217301e-02
2.00000000e-01   4.73765110e-02
2.10000000e-01   4.97290228e-02
2.20000000e-01   5.20791532e-02
2.30000000e-01   5.44267902e-02
2.40000000e-01   5.67718222e-02
2.50000000e-01   5.91141375e-02
2.60000000e-01   6.14536248e-02
2.70000000e-01   6.37901730e-02
2.80000000e-01   6.61236712e-02
2.90000000e-01   6.84540087e-02
3.00000000e-01   7.07810752e-02
3.10000000e-01   7.31047606e-02
3.20000000e-01   7.54249549e-02
3.30000000e-01   7.77415486e-02
3.40000000e-01   8.00544324e-02
3.50000000e-01   8.23634974e-02
3.60000000e-01   8.46686347e-02
3.70000000e-01   8.69697361e-02
3.80000000e-01   8.92666934e-02
3.90000000e-01   9.15593989e-02
4.00000000e-01   9.38477453e-02
4.10000000e-01   9.61316255e-02
4.20000000e-01   9.84109327e-02
4.30000000e-01   1.00685561e-01
4.40000000e-01   1.02955403e-01
4.50000000e-01   1.05220355e-01
4.60000000e-01   1.07480311e-01
4.70000000e-01   1.09735167e-01
4.80000000e-01   1.11984816e-01
4.90000000e-01   1.14229157e-01
5.00000000e-01   1.16468085e-01
5.10000000e-01   1.18701497e-01
5.20000000e-01   1.20929291e-01
5.30000000e-01   1.23151364e-01
5.40000000e-01   1.25367614e-01
5.50000000e-01   1.27577940e-01
5.60000000e-01   1.29782241e-01
5.70000000e-01   1.31980417e-01
5.80000000e-01   1.34172367e-01
5.90000000e-01   1.36357993e-01
6.00000000e-01   1.38537195e-01
6.10000000e-01   1.40709875e-01
6.20000000e-01   1.42875935e-01
6.30000000e-01   1.45035278e-01
6.40000000e-01   1.47187807e-01
6.50000000e-01   1.49333424e-01
6.60000000e-01   1.51472036e-01
6.70000000e-01   1.53603546e-01
6.80000000e-01   1.55727859e-01
6.90000000e-01   1.57844882e-01
7.00000000e-01   1.59954520e-01
7.10000000e-01   1.62056682e-01
7.20000000e-01   1.64151274e-01
7.30000000e-01   1.66238204e-01
7.40000000e-01   1.68317382e-01
7.50000000e-01   1.70388717e-01
7.60000000e-01   1.72452119e-01
7.70000000e-01   1.74507497e-01
7.80000000e-01   1.76554765e-01
7.90000000e-01   1.78593833e-01
8.00000000e-01   1.80624613e-01
8.10000000e-01   1.82647020e-01
8.20000000e-01   1.84660967e-01
8.30000000e-01   1.86666367e-01
8.40000000e-01   1.88663137e-01
8.50000000e-01   1.90651192e-01
8.60000000e-01   1.92630449e-01
8.70000000e-01   1.94600824e-01
8.80000000e-01   1.96562235e-01
8.90000000e-01   1.98514601e-01
9.00000000e-01   2.00457841e-01
9.10000000e-01   2.02391874e-01
9.20000000e-01   2.04316622e-01
9.30000000e-01   2.06232006e-01
9.40000000e-01   2.08137947e-01
9.50000000e-01   2.10034368e-01
9.60000000e-01   2.11921193e-01
9.70000000e-01   2.13798346e-01
9.80000000e-01   2.15665752e-01
9.90000000e-01   2.17523335e-01
1.00000000e+00   2.19371024e-01
1.01000000e+00   2.21208744e-01
1.02000000e+00   2.23036425e-01
1.03000000e+00   2.24853993e-01
1.04000000e+00   2.26661379e-01
1.05000000e+00   2.28458514e-01
1.06000000e+00   2.30245327e-01
1.07000000e+00   2.32021750e-01
1.08000000e+00   2.33787717e-01
1.09000000e+00   2.35543160e-01
1.10000000e+00   2.37288013e-01
1.11000000e+00   2.39022212e-01
1.12000000e+00   2.40745692e-01
1.13000000e+00   2.42458389e-01
1.14000000e+00   2.44160240e-01
1.15000000e+00   2.45851185e-01
1.16000000e+00   2.47531161e-01
1.17000000e+00   2.49200108e-01
1.18000000e+00   2.50857967e-01
1.19000000e+00   2.52504678e-01
1.20000000e+00   2.54140186e-01
1.21000000e+00   2.55764431e-01
1.22000000e+00   2.57377358e-01
1.23000000e+00   2.58978913e-01
1.24000000e+00   2.60569039e-01
1.25000000e+00   2.62147683e-01
1.26000000e+00   2.63714793e-01
1.27000000e+00   2.65270317e-01
1.28000000e+00   2.66814203e-01
1.29000000e+00   2.68346401e-01
1.30000000e+00   2.69866862e-01
1.31000000e+00   2.71375537e-01
1.32000000e+00   2.72872378e-01
1.33000000e+00   2.74357339e-01
1.34000000e+00   2.75830372e-01
1.35000000e+00   2.77291434e-01
1.36000000e+00   2.78740480e-01
1.37000000e+00   2.80177466e-01
1.38000000e+00   2.81602350e-01
1.39000000e+00   2.83015090e-01
1.40000000e+00   2.84415645e-01
1.41000000e+00   2.85803975e-01
1.42000000e+00   2.87180042e-01
1.43000000e+00   2.88543806e-01
1.44000000e+00   2.89895231e-01
1.45000000e+00   2.91234279e-01
1.46000000e+00   2.92560916e-01
1.47000000e+00   2.93875107e-01
1.48000000e+00   2.95176817e-01
1.49000000e+00   2.96466015e-01
1.50000000e+00   2.97742667e-01
1.51000000e+00   2.99006742e-01
1.52000000e+00   3.00258210e-01
1.53000000e+00   3.01497042e-01
1.54000000e+00   3.02723209e-01
1.55000000e+00   3.03936683e-01
1.56000000e+00   3.05137438e-01
1.57000000e+00   3.06325447e-01
1.58000000e+00   3.07500686e-01
1.59000000e+00   3.08663129e-01
1.60000000e+00   3.09812755e-01
1.61000000e+00   3.10949540e-01
1.62000000e+00   3.12073463e-01
1.63000000e+00   3.13184504e-01
1.64000000e+00   3.14282641e-01
1.65000000e+00   3.15367857e-01
1.66000000e+00   3.16440134e-01
1.67000000e+00   3.17499453e-01
1.68000000e+00   3.18545800e-01
1.69000000e+00   3.19579158e-01
1.70000000e+00   3.20599513e-01
1.71000000e+00   3.21606851e-01
1.72000000e+00   3.22601160e-01
1.73000000e+00   3.23582427e-01
1.74000000e+00   3.24550641e-01
1.75000000e+00   3.25505793e-01
1.76000000e+00   3.26447872e-01
1.77000000e+00   3.27376871e-01
1.78000000e+00   3.28292781e-01
1.79000000e+00   3.29195596e-01
1.80000000e+00   3.30085310e-01
1.81000000e+00   3.30961917e-01
1.82000000e+00   3.31825415e-01
1.83000000e+00   3.32675798e-01
1.84000000e+00   3.33513066e-01
1.85000000e+00   3.34337215e-01
1.86000000e+00   3.35148246e-01
1.87000000e+00   3.35946157e-01
1.88000000e+00   3.36730951e-01
1.89000000e+00   3.37502629e-01
1.90000000e+00   3.38261193e-01
1.91000000e+00   3.39006646e-01
1.92000000e+00   3.39738993e-01
1.93000000e+00   3.40458239e-01
1.94000000e+00   3.41164390e-01
1.95000000e+00   3.41857452e-01
1.96000000e+00   3.42537432e-01
1.97000000e+00   3.43204340e-01
1.98000000e+00   3.43858183e-01
1.99000000e+00   3.44498973e-01
2.00000000e+00   3.45126719e-01
2.01000000e+00   3.45741433e-01
2.02000000e+00   3.46343127e-01
2.03000000e+00   3.46931815e-01
2.04000000e+00   3.47507511e-01
2.05000000e+00   3.48070228e-01
2.06000000e+00   3.48619982e-01
2.07000000e+00   3.49156790e-01
2.08000000e+00   3.49680669e-01
2.09000000e+00   3.50191636e-01
2.10000000e+00   3.50689710e-01
2.11000000e+00   3.51174910e-01
2.12000000e+00   3.51647256e-01
2.13000000e+00   3.52106769e-01
2.14000000e+00   3.52553470e-01
2.15000000e+00   3.52987382e-01
2.16000000e+00   3.53408528e-01
2.17000000e+00   3.53816932e-01
2.18000000e+00   3.54212617e-01
2.19000000e+00   3.54595610e-01
2.20000000e+00   3.54965936e-01
2.21000000e+00   3.55323622e-01
2.22000000e+00   3.55668695e-01
2.23000000e+00   3.56001184e-01
2.24000000e+00   3.56321116e-01
2.25000000e+00   3.56628522e-01
2.26000000e+00   3.56923432e-01
2.27000000e+00   3.57205877e-01
2.28000000e+00   3.57475888e-01
2.29000000e+00   3.57733497e-01
2.30000000e+00   3.57978738e-01
2.31000000e+00   3.58211643e-01
2.32000000e+00   3.58432248e-01
2.33000000e+00   3.58640587e-01
2.34000000e+00   3.58836696e-01
2.35000000e+00   3.59020611e-01
2.36000000e+00   3.59192368e-01
2.37000000e+00   3.59352006e-01
2.38000000e+00   3.59499562e-01
2.39000000e+00   3.59635075e-01
2.40000000e+00   3.59758584e-01
2.41000000e+00   3.59870130e-01
2.42000000e+00   3.59969754e-01
2.43000000e+00   3.60057495e-01
2.44000000e+00   3.60133397e-01
2.45000000e+00   3.60197501e-01
2.46000000e+00   3.60249851e-01
2.47000000e+00   3.60290489e-01
2.48000000e+00   3.60319461e-01
2.49000000e+00   3.60336811e-01
2.50000000e+00   3.60342584e-01
2.51000000e+00   3.60336827e-01
2.52000000e+00   3.60319584e-01
2.53000000e+00   3.60290904e-01
2.54000000e+00   3.60250834e-01
2.55000000e+00   3.60199422e-01
2.56000000e+00   3.60136717e-01
2.57000000e+00   3.60062767e-01
2.58000000e+00   3.59977622e-01
2.59000000e+00   3.59881333e-01
2.60000000e+00   3.59773949e-01
2.61000000e+00   3.59655523e-01
2.62000000e+00   3.59526105e-01
2.63000000e+00   3.59385747e-01
2.64000000e+00   3.59234503e-01
2.65000000e+00   3.59072425e-01
2.66000000e+00   3.58899567e-01
2.67000000e+00   3.58715983e-01
2.68000000e+00   3.58521727e-01
2.69000000e+00   3.58316855e-01
2.70000000e+00   3.58101420e-01
2.71000000e+00   3.57875480e-01
2.72000000e+00   3.57639090e-01
2.73000000e+00   3.57392308e-01
2.74000000e+00   3.57135189e-01
2.75000000e+00   3.56867792e-01
2.76000000e+00   3.56590174e-01
2.77000000e+00   3.56302394e-01
2.78000000e+00   3.56004509e-01
2.79000000e+00   3.55696581e-01
2.80000000e+00   3.55378667e-01
2.81000000e+00   3.55050827e-01
2.82000000e+00   3.54713122e-01
2.83000000e+00   3.54365612e-01
2.84000000e+00   3.54008358e-01
2.85000000e+00   3.53641421e-01
2.86000000e+00   3.53264863e-01
2.87000000e+00   3.52878745e-01
2.88000000e+00   3.52483130e-01
2.89000000e+00   3.52078081e-01
2.90000000e+00   3.51663660e-01
2.91000000e+00   3.51239930e-01
2.92000000e+00   3.50806955e-01
2.93000000e+00   3.50364799e-01
2.94000000e+00   3.49913525e-01
2.95000000e+00   3.49453198e-01
2.96000000e+00   3.48983882e-01
2.97000000e+00   3.48505643e-01
2.98000000e+00   3.48018546e-01
2.99000000e+00   3.47522655e-01
3.00000000e+00   3.47018037e-01
3.01000000e+00   3.46504758e-01
3.02000000e+00   3.45982883e-01
3.03000000e+00   3.45452479e-01
3.04000000e+00   3.44913612e-01
3.05000000e+00   3.44366350e-01
3.06000000e+00   3.43810759e-01
3.07000000e+00   3.43246906e-01
3.08000000e+00   3.42674860e-01
3.09000000e+00   3.42094687e-01
3.10000000e+00   3.41506455e-01
3.11000000e+00   3.40910233e-01
3.12000000e+00   3.40306088e-01
3.13000000e+00   3.39694089e-01
3.14000000e+00   3.39074304e-01
3.15000000e+00   3.38446802e-01
3.16000000e+00   3.37811652e-01
3.17000000e+00   3.37168922e-01
3.18000000e+00   3.36518682e-01
3.19000000e+00   3.35861001e-01
3.20000000e+00   3.35195948e-01
3.21000000e+00   3.34523592e-01
3.22000000e+00   3.33844004e-01
3.23000000e+00   3.33157252e-01
3.24000000e+00   3.32463407e-01
3.25000000e+00   3.31762538e-01
3.26000000e+00   3.31054716e-01
3.27000000e+00   3.30340009e-01
3.28000000e+00   3.29618489e-01
3.29000000e+00   3.28890226e-01
3.30000000e+00   3.28155289e-01
3.31000000e+00   3.27413749e-01
3.32000000e+00   3.26665677e-01
3.33000000e+00   3.25911142e-01
3.34000000e+00   3.25150216e-01
3.35000000e+00   3.24382967e-01
3.36000000e+00   3.23609468e-01
3.37000000e+00   3.22829789e-01
3.38000000e+00   3.22043999e-01
3.39000000e+00   3.21252170e-01
3.40000000e+00   3.20454372e-01
3.41000000e+00   3.19650676e-01
3.42000000e+00   3.18841152e-01
3.43000000e+00   3.18025870e-01
3.44000000e+00   3.17204901e-01
3.45000000e+00   3.16378316e-01
3.46000000e+00   3.15546185e-01
3.47000000e+00   3.14708579e-01
3.48000000e+00   3.13865567e-01
3.49000000e+00   3.13017220e-01
3.50000000e+00   3.12163609e-01
3.51000000e+00   3.11304803e-01
3.52000000e+00   3.10440873e-01
3.53000000e+00   3.09571889e-01
3.54000000e+00   3.08697921e-01
3.55000000e+00   3.07819039e-01
3.56000000e+00   3.06935312e-01
3.57000000e+00   3.06046811e-01
3.58000000e+00   3.05153604e-01
3.59000000e+00   3.04255763e-01
3.60000000e+00   3.03353355e-01
3.61000000e+00   3.02446452e-01
3.62000000e+00   3.01535121e-01
3.63000000e+00   3.00619432e-01
3.64000000e+00   2.99699454e-01
3.65000000e+00   2.98775256e-01
3.66000000e+00   2.97846906e-01
3.67000000e+00   2.96914474e-01
3.68000000e+00   2.95978028e-01
3.69000000e+00   2.95037636e-01
3.70000000e+00   2.94093366e-01
3.71000000e+00   2.93145287e-01
3.72000000e+00   2.92193466e-01
3.73000000e+00   2.91237971e-01
3.74000000e+00   2.90278870e-01
3.75000000e+00   2.89316230e-01
3.76000000e+00   2.88350117e-01
3.77000000e+00   2.87380601e-01
3.78000000e+00   2.86407746e-01
3.79000000e+00   2.85431620e-01
3.80000000e+00   2.84452289e-01
3.81000000e+00   2.83469819e-01
3.82000000e+00   2.82484277e-01
3.83000000e+00   2.81495728e-01
3.84000000e+00   2.80504239e-01
3.85000000e+00   2.79509874e-01
3.86000000e+00   2.78512698e-01
3.87000000e+00   2.77512777e-01
3.88000000e+00   2.76510176e-01
3.89000000e+00   2.75504959e-01
3.90000000e+00   2.74497190e-01
3.91000000e+00   2.73486933e-01
3.92000000e+00   2.72474253e-01
3.93000000e+00   2.71459212e-01
3.94000000e+00   2.70441874e-01
3.95000000e+00   2.69422303e-01
3.96000000e+00   2.68400561e-01
3.97000000e+00   2.67376711e-01
3.98000000e+00   2.66350814e-01
3.99000000e+00   2.65322933e-01
4.00000000e+00   2.64293131e-01
4.01000000e+00   2.63261468e-01
4.02000000e+00   2.62228005e-01
4.03000000e+00   2.61192804e-01
4.04000000e+00   2.60155925e-01
4.05000000e+00   2.59117429e-01
4.06000000e+00   2.58077375e-01
4.07000000e+00   2.57035824e-01
4.08000000e+00   2.55992836e-01
4.09000000e+00   2.54948468e-01
4.10000000e+00   2.53902782e-01
4.11000000e+00   2.52855834e-01
4.12000000e+00   2.51807683e-01
4.13000000e+00   2.50758388e-01
4.14000000e+00   2.49708006e-01
4.15000000e+00   2.48656594e-01
4.16000000e+00   2.47604210e-01
4.17000000e+00   2.46550911e-01
4.18000000e+00   2.45496752e-01
4.19000000e+00   2.44441790e-01
4.20000000e+00   2.43386082e-01
4.21000000e+00   2.42329681e-01
4.22000000e+00   2.41272644e-01
4.23000000e+00   2.40215026e-01
4.24000000e+00   2.39156880e-01
4.25000000e+00   2.38098262e-01
4.26000000e+00   2.37039224e-01
4.27000000e+00   2.35979821e-01
4.28000000e+00   2.34920105e-01
4.29000000e+00   2.33860130e-01
4.30000000e+00   2.32799948e-01
4.31000000e+00   2.31739611e-01
4.32000000e+00   2.30679170e-01
4.33000000e+00   2.29618678e-01
4.34000000e+00   2.28558185e-01
4.35000000e+00   2.27497742e-01
4.36000000e+00   2.26437400e-01
4.37000000e+00   2.25377208e-01
4.38000000e+00   2.24317216e-01
4.39000000e+00   2.23257474e-01
4.40000000e+00   2.22198030e-01
4.41000000e+00   2.21138933e-01
4.42000000e+00   2.20080231e-01
4.43000000e+00   2.19021972e-01
4.44000000e+00   2.17964204e-01
4.45000000e+00   2.16906973e-01
4.46000000e+00   2.15850327e-01
4.47000000e+00   2.14794311e-01
4.48000000e+00   2.13738973e-01
4.49000000e+00   2.12684356e-01
4.50000000e+00   2.11630508e-01
4.51000000e+00   2.10577472e-01
4.52000000e+00   2.09525293e-01
4.53000000e+00   2.08474016e-01
4.54000000e+00   2.07423684e-01
4.55000000e+00   2.06374340e-01
4.56000000e+00   2.05326027e-01
4.57000000e+00   2.04278789e-01
4.58000000e+00   2.03232668e-01
4.59000000e+00   2.02187704e-01
4.60000000e+00   2.01143940e-01
4.61000000e+00   2.00101418e-01
4.62000000e+00   1.99060177e-01
4.63000000e+00   1.98020258e-01
4.64000000e+00   1.96981701e-01
4.65000000e+00   1.95944546e-01
4.66000000e+00   1.94908831e-01
4.67000000e+00   1.93874597e-01
4.68000000e+00   1.92841880e-01
4.69000000e+00   1.91810720e-01
4.70000000e+00   1.90781154e-01
4.71000000e+00   1.89753219e-01
4.72000000e+00   1.88726952e-01
4.73000000e+00   1.87702389e-01
4.74000000e+00   1.86679568e-01
4.75000000e+00   1.85658523e-01
4.76000000e+00   1.84639290e-01
4.77000000e+00   1.83621904e-01
4.78000000e+00   1.82606400e-01
4.79000000e+00   1.81592812e-01
4.80000000e+00   1.80581173e-01
4.81000000e+00   1.79571517e-01
4.82000000e+00   1.78563878e-01
4.83000000e+00   1.77558288e-01
4.84000000e+00   1.76554779e-01
4.85000000e+00   1.75553383e-01
4.86000000e+00   1.74554132e-01
4.87000000e+00   1.73557058e-01
4.88000000e+00   1.72562189e-01
4.89000000e+00   1.71569559e-01
4.90000000e+00   1.70579195e-01
4.91000000e+00   1.69591128e-01
4.92000000e+00   1.68605388e-01
4.93000000e+00   1.67622002e-01
4.94000000e+00   1.66641001e-01
4.95000000e+00   1.65662411e-01
4.96000000e+00   1.64686260e-01
4.97000000e+00   1.63712577e-01
4.98000000e+00   1.62741388e-01
4.99000000e+00   1.61772719e-01
5.00000000e+00   1.60806597e-01
5.01000000e+00   1.59843048e-01
5.02000000e+00   1.58882098e-01
5.03000000e+00   1.57923771e-01
5.04000000e+00   1.56968092e-01
5.05000000e+00   1.56015087e-01
5.06000000e+00   1.55064778e-01
5.07000000e+00   1.54117190e-01
5.08000000e+00   1.53172346e-01
5.09000000e+00   1.52230269e-01
5.10000000e+00   1.51290981e-01
5.11000000e+00   1.50354505e-01
5.12000000e+00   1.49420863e-01
5.13000000e+00   1.48490076e-01
5.14000000e+00   1.47562166e-01
5.15000000e+00   1.46637152e-01
5.16000000e+00   1.45715057e-01
5.17000000e+00   1.44795899e-01
5.18000000e+00   1.43879699e-01
5.19000000e+00   1.42966476e-01
5.20000000e+00   1.42056249e-01
5.21000000e+00   1.41149036e-01
5.22000000e+00   1.40244857e-01
5.23000000e+00   1.39343729e-01
5.24000000e+00   1.38445669e-01
5.25000000e+00   1.37550696e-01
5.26000000e+00   1.36658826e-01
5.27000000e+00   1.35770075e-01
5.28000000e+00   1.34884461e-01
5.29000000e+00   1.34001999e-01
5.30000000e+00   1.33122704e-01
5.31000000e+00   1.32246593e-01
5.32000000e+00   1.31373679e-01
5.33000000e+00   1.30503978e-01
5.34000000e+00   1.29637504e-01
5.35000000e+00   1.28774271e-01
5.36000000e+00   1.27914292e-01
5.37000000e+00   1.27057581e-01
5.38000000e+00   1.26204151e-01
5.39000000e+00   1.25354015e-01
5.40000000e+00   1.24507185e-01
5.41000000e+00   1.23663673e-01
5.42000000e+00   1.22823490e-01
5.43000000e+00   1.21986649e-01
5.44000000e+00   1.21153160e-01
5.45000000e+00   1.20323034e-01
5.46000000e+00   1.19496282e-01
5.47000000e+00   1.18672914e-01
5.48000000e+00   1.17852939e-01
5.49000000e+00   1.17036368e-01
5.50000000e+00   1.16223210e-01
5.51000000e+00   1.15413472e-01
5.52000000e+00   1.14607166e-01
5.53000000e+00   1.13804298e-01
5.54000000e+00   1.13004876e-01
5.55000000e+00   1.12208910e-01
5.56000000e+00   1.11416405e-01
5.57000000e+00   1.10627370e-01
5.58000000e+00   1.09841811e-01
5.59000000e+00   1.09059735e-01
5.60000000e+00   1.08281148e-01
5.61000000e+00   1.07506057e-01
5.62000000e+00   1.06734467e-01
5.63000000e+00   1.05966384e-01
5.64000000e+00   1.05201813e-01
5.65000000e+00   1.04440759e-01
5.66000000e+00   1.03683228e-01
5.67000000e+00   1.02929222e-01
5.68000000e+00   1.02178747e-01
5.69000000e+00   1.01431807e-01
5.70000000e+00   1.00688405e-01
5.71000000e+00   9.99485440e-02
5.72000000e+00   9.92122283e-02
5.73000000e+00   9.84794602e-02
5.74000000e+00   9.77502426e-02
5.75000000e+00   9.70245777e-02
5.76000000e+00   9.63024678e-02
5.77000000e+00   9.55839148e-02
5.78000000e+00   9.48689203e-02
5.79000000e+00   9.41574858e-02
5.80000000e+00   9.34496125e-02
5.81000000e+00   9.27453014e-02
5.82000000e+00   9.20445530e-02
5.83000000e+00   9.13473680e-02
5.84000000e+00   9.06537466e-02
5.85000000e+00   8.99636888e-02
5.86000000e+00   8.92771944e-02
5.87000000e+00   8.85942630e-02
5.88000000e+00   8.79148939e-02
5.89000000e+00   8.72390863e-02
5.90000000e+00   8.65668390e-02
5.91000000e+00   8.58981508e-02
5.92000000e+00   8.52330201e-02
5.93000000e+00   8.45714453e-02
5.94000000e+00   8.39134242e-02
5.95000000e+00   8.32589549e-02
5.96000000e+00   8.26080349e-02
5.97000000e+00   8.19606618e-02
5.98000000e+00   8.13168326e-02
5.99000000e+00   8.06765445e-02
6.00000000e+00   8.00397943e-02
6.01000000e+00   7.94065786e-02
6.02000000e+00   7.87768939e-02
6.03000000e+00   7.81507365e-02
6.04000000e+00   7.75281024e-02
6.05000000e+00   7.69089875e-02
6.06000000e+00   7.62933875e-02
6.07000000e+00   7.56812980e-02
6.08000000e+00   7.50727142e-02
6.09000000e+00   7.44676313e-02
6.10000000e+00   7.38660443e-02
6.11000000e+00   7.32679481e-02
6.12000000e+00   7.26733372e-02
6.13000000e+00   7.20822062e-02
6.14000000e+00   7.14945492e-02
6.15000000e+00   7.09103606e-02
6.16000000e+00   7.03296341e-02
6.17000000e+00   6.97523637e-02
6.18000000e+00   6.91785430e-02
6.19000000e+00   6.86081654e-02
6.20000000e+00   6.80412244e-02
6.21000000e+00   6.74777130e-02
6.22000000e+00   6.69176244e-02
6.23000000e+00   6.63609514e-02
6.24000000e+00   6.58076868e-02
6.25000000e+00   6.52578231e-02
6.26000000e+00   6.47113529e-02
6.27000000e+00   6.41682683e-02
6.28000000e+00   6.36285616e-02
6.29000000e+00   6.30922247e-02
6.30000000e+00   6.25592497e-02
6.31000000e+00   6.20296283e-02
6.32000000e+00   6.15033521e-02
6.33000000e+00   6.09804125e-02
6.34000000e+00   6.04608011e-02
6.35000000e+00   5.99445089e-02
6.36000000e+00   5.94315273e-02
6.37000000e+00   5.89218471e-02
6.38000000e+00   5.84154592e-02
6.39000000e+00   5.79123545e-02
6.40000000e+00   5.74125236e-02
6.41000000e+00   5.69159570e-02
6.42000000e+00   5.64226452e-02
6.43000000e+00   5.59325784e-02
6.44000000e+00   5.54457470e-02
6.45000000e+00   5.49621409e-02
6.46000000e+00   5.44817503e-02
6.47000000e+00   5.40045649e-02
6.48000000e+00   5.35305747e-02
6.49000000e+00   5.30597693e-02
6.50000000e+00   5.25921383e-02
6.51000000e+00   5.21276713e-02
6.52000000e+00   5.16663576e-02
6.53000000e+00   5.12081866e-02
6.54000000e+00   5.07531475e-02
6.55000000e+00   5.03012295e-02
6.56000000e+00   4.98524216e-02
6.57000000e+00   4.94067128e-02
6.58000000e+00   4.89640921e-02
6.59000000e+00   4.85245482e-02
6.60000000e+00   4.80880699e-02
6.61000000e+00   4.76546458e-02
6.62000000e+00   4.72242646e-02
6.63000000e+00   4.67969146e-02
6.64000000e+00   4.63725845e-02
6.65000000e+00   4.59512625e-02
6.66000000e+00   4.55329370e-02
6.67000000e+00   4.51175962e-02
6.68000000e+00   4.47052282e-02
6.69000000e+00   4.42958213e-02
6.70000000e+00   4.38893633e-02
6.71000000e+00   4.34858423e-02
6.72000000e+00   4.30852463e-02
6.73000000e+00   4.26875630e-02
6.74000000e+00   4.22927804e-02
6.75000000e+00   4.19008861e-02
6.76000000e+00   4.15118679e-02
6.77000000e+00   4.11257134e-02
6.78000000e+00   4.07424103e-02
6.79000000e+00   4.03619461e-02
6.80000000e+00   3.99843082e-02
6.81000000e+00   3.96094842e-02
6.82000000e+00   3.92374615e-02
6.83000000e+00   3.88682275e-02
6.84000000e+00   3.85017695e-02
6.85000000e+00   3.81380748e-02
6.86000000e+00   3.77771307e-02
6.87000000e+00   3.74189244e-02
6.88000000e+00   3.70634431e-02
6.89000000e+00   3.67106739e-02
6.90000000e+00   3.63606040e-02
6.91000000e+00   3.60132205e-02
6.92000000e+00   3.56685105e-02
6.93000000e+00   3.53264609e-02
6.94000000e+00   3.49870588e-02
6.95000000e+00   3.46502912e-02
6.96000000e+00   3.43161450e-02
6.97000000e+00   3.39846073e-02
6.98000000e+00   3.36556648e-02
6.99000000e+00   3.33293045e-02
7.00000000e+00   3.30055134e-02
7.01000000e+00   3.26842781e-02
7.02000000e+00   3.23655857e-02
7.03000000e+00   3.20494229e-02
7.04000000e+00   3.17357765e-02
7.05000000e+00   3.14246333e-02
7.06000000e+00   3.11159802e-02
7.07000000e+00   3.08098040e-02
7.08000000e+00   3.05060913e-02
7.09000000e+00   3.02048290e-02
7.10000000e+00   2.99060037e-02
7.11000000e+00   2.96096024e-02
7.12000000e+00   2.93156117e-02
7.13000000e+00   2.90240183e-02
7.14000000e+00   2.87348090e-02
7.15000000e+00   2.84479706e-02
7.16000000e+00   2.81634898e-02
7.17000000e+00   2.78813533e-02
7.18000000e+00   2.76015479e-02
7.19000000e+00   2.73240602e-02
7.20000000e+00   2.70488772e-02
7.21000000e+00   2.67759855e-02
7.22000000e+00   2.65053718e-02
7.23000000e+00   2.62370230e-02
7.24000000e+00   2.59709259e-02
7.25000000e+00   2.57070671e-02
7.26000000e+00   2.54454336e-02
7.27000000e+00   2.51860120e-02
7.28000000e+00   2.49287893e-02
7.29000000e+00   2.46737522e-02
7.30000000e+00   2.44208877e-02
7.31000000e+00   2.41701825e-02
7.32000000e+00   2.39216235e-02
7.33000000e+00   2.36751976e-02
7.34000000e+00   2.34308918e-02
7.35000000e+00   2.31886929e-02
7.36000000e+00   2.29485878e-02
7.37000000e+00   2.27105637e-02
7.38000000e+00   2.24746073e-02
7.39000000e+00   2.22407058e-02
7.40000000e+00   2.20088462e-02
7.41000000e+00   2.17790154e-02
7.42000000e+00   2.15512006e-02
7.43000000e+00   2.13253889e-02
7.44000000e+00   2.11015673e-02
7.45000000e+00   2.08797231e-02
7.46000000e+00   2.06598434e-02
7.47000000e+00   2.04419154e-02
7.48000000e+00   2.02259263e-02
7.49000000e+00   2.00118634e-02
7.50000000e+00   1.97997140e-02
7.51000000e+00   1.95894653e-02
7.52000000e+00   1.93811047e-02
7.53000000e+00   1.91746197e-02
7.54000000e+00   1.89699975e-02
7.55000000e+00   1.87672257e-02
7.56000000e+00   1.85662917e-02
7.57000000e+00   1.83671830e-02
7.58000000e+00   1.81698871e-02
7.59000000e+00   1.79743917e-02
7.60000000e+00   1.77806843e-02
7.61000000e+00   1.75887526e-02
7.62000000e+00   1.73985843e-02
7.63000000e+00   1.72101670e-02
7.64000000e+00   1.70234886e-02
7.65000000e+00   1.68385368e-02
7.66000000e+00   1.66552995e-02
7.67000000e+00   1.64737645e-02
7.68000000e+00   1.62939198e-02
7.69000000e+00   1.61157532e-02
7.70000000e+00   1.59392528e-02
7.71000000e+00   1.57644067e-02
7.72000000e+00   1.55912028e-02
7.73000000e+00   1.54196294e-02
7.74000000e+00   1.52496745e-02
7.75000000e+00   1.50813264e-02
7.76000000e+00   1.49145732e-02
7.77000000e+00   1.47494034e-02
7.78000000e+00   1.45858052e-02
7.79000000e+00   1.44237670e-02
7.80000000e+00   1.42632772e-02
7.81000000e+00   1.41043242e-02
7.82000000e+00   1.39468967e-02
7.83000000e+00   1.37909831e-02
7.84000000e+00   1.36365720e-02
7.85000000e+00   1.34836522e-02
7.86000000e+00   1.33322122e-02
7.87000000e+00   1.31822408e-02
7.88000000e+00   1.30337269e-02
7.89000000e+00   1.28866592e-02
7.90000000e+00   1.27410266e-02
7.91000000e+00   1.25968181e-02
7.92000000e+00   1.24540227e-02
7.93000000e+00   1.23126293e-02
7.94000000e+00   1.21726270e-02
7.95000000e+00   1.20340051e-02
7.96000000e+00   1.18967526e-02
7.97000000e+00   1.17608588e-02
7.98000000e+00   1.16263129e-02
7.99000000e+00   1.14931043e-02
8.00000000e+00   1.13612224e-02
8.01000000e+00   1.12306566e-02
8.02000000e+00   1.11013963e-02
8.03000000e+00   1.09734311e-02
8.04000000e+00   1.08467506e-02
8.05000000e+00   1.07213444e-02
8.06000000e+00   1.05972022e-02
8.07000000e+00   1.04743138e-02
8.08000000e+00   1.03526688e-02
8.09000000e+00   1.02322572e-02
8.10000000e+00   1.01130688e-02
8.11000000e+00   9.99509366e-03
8.12000000e+00   9.87832165e-03
8.13000000e+00   9.76274288e-03
8.14000000e+00   9.64834743e-03
8.15000000e+00   9.53512547e-03
8.16000000e+00   9.42306718e-03
8.17000000e+00   9.31216285e-03
8.18000000e+00   9.20240277e-03
8.19000000e+00   9.09377731e-03
8.20000000e+00   8.98627690e-03
8.21000000e+00   8.87989199e-03
8.22000000e+00   8.77461312e-03
8.23000000e+00   8.67043086e-03
8.24000000e+00   8.56733584e-03
8.25000000e+00   8.46531875e-03
8.26000000e+00   8.36437033e-03
8.27000000e+00   8.26448137e-03
8.28000000e+00   8.16564271e-03
8.29000000e+00   8.06784525e-03
8.30000000e+00   7.97107995e-03
8.31000000e+00   7.87533780e-03
8.32000000e+00   7.78060987e-03
8.33000000e+00   7.68688728e-03
8.34000000e+00   7.59416118e-03
8.35000000e+00   7.50242280e-03
8.36000000e+00   7.41166342e-03
8.37000000e+00   7.32187435e-03
8.38000000e+00   7.23304699e-03
8.39000000e+00   7.14517276e-03
8.40000000e+00   7.05824316e-03
8.41000000e+00   6.97224972e-03
8.42000000e+00   6.88718404e-03
8.43000000e+00   6.80303776e-03
8.44000000e+00   6.71980260e-03
8.45000000e+00   6.63747030e-03
8.46000000e+00   6.55603267e-03
8.47000000e+00   6.47548157e-03
8.48000000e+00   6.39580892e-03
8.49000000e+00   6.31700669e-03
8.50000000e+00   6.23906689e-03
8.51000000e+00   6.16198159e-03
8.52000000e+00   6.08574293e-03
8.53000000e+00   6.01034308e-03
8.54000000e+00   5.93577427e-03
8.55000000e+00   5.86202879e-03
8.56000000e+00   5.78909896e-03
8.57000000e+00   5.71697719e-03
8.58000000e+00   5.64565591e-03
8.59000000e+00   5.57512761e-03
8.60000000e+00   5.50538483e-03
8.61000000e+00   5.43642018e-03
8.62000000e+00   5.36822629e-03
8.63000000e+00   5.30079588e-03
8.64000000e+00   5.23412169e-03
8.65000000e+00   5.16819651e-03
8.66000000e+00   5.10301322e-03
8.67000000e+00   5.03856471e-03
8.68000000e+00   4.97484393e-03
8.69000000e+00   4.91184389e-03
8.70000000e+00   4.84955766e-03
8.71000000e+00   4.78797833e-03
8.72000000e+00   4.72709906e-03
8.73000000e+00   4.66691307e-03
8.74000000e+00   4.60741361e-03
8.75000000e+00   4.54859398e-03
8.76000000e+00   4.49044756e-03
8.77000000e+00   4.43296773e-03
8.78000000e+00   4.37614797e-03
8.79000000e+00   4.31998177e-03
8.80000000e+00   4.26446269e-03
8.81000000e+00   4.20958434e-03
8.82000000e+00   4.15534036e-03
8.83000000e+00   4.10172446e-03
8.84000000e+00   4.04873038e-03
8.85000000e+00   3.99635194e-03
8.86000000e+00   3.94458296e-03
8.87000000e+00   3.89341734e-03
8.88000000e+00   3.84284903e-03
8.89000000e+00   3.79287201e-03
8.90000000e+00   3.74348032e-03
8.91000000e+00   3.69466805e-03
8.92000000e+00   3.64642931e-03
8.93000000e+00   3.59875828e-03
8.94000000e+00   3.55164920e-03
8.95000000e+00   3.50509633e-03
8.96000000e+00   3.45909397e-03
8.97000000e+00   3.41363650e-03
8.98000000e+00   3.36871832e-03
8.99000000e+00   3.32433388e-03
9.00000000e+00   3.28047768e-03
9.01000000e+00   3.23714427e-03
9.02000000e+00   3.19432821e-03
9.03000000e+00   3.15202416e-03
9.04000000e+00   3.11022678e-03
9.05000000e+00   3.06893080e-03
9.06000000e+00   3.02813098e-03
9.07000000e+00   2.98782212e-03
9.08000000e+00   2.94799908e-03
9.09000000e+00   2.90865675e-03
9.10000000e+00   2.86979008e-03
9.11000000e+00   2.83139403e-03
9.12000000e+00   2.79346364e-03
9.13000000e+00   2.75599397e-03
9.14000000e+00   2.71898012e-03
9.15000000e+00   2.68241726e-03
9.16000000e+00   2.64630056e-03
9.17000000e+00   2.61062526e-03
9.18000000e+00   2.57538664e-03
9.19000000e+00   2.54058001e-03
9.20000000e+00   2.50620073e-03
9.21000000e+00   2.47224420e-03
9.22000000e+00   2.43870585e-03
9.23000000e+00   2.40558115e-03
9.24000000e+00   2.37286564e-03
9.25000000e+00   2.34055486e-03
9.26000000e+00   2.30864441e-03
9.27000000e+00   2.27712994e-03
9.28000000e+00   2.24600710e-03
9.29000000e+00   2.21527162e-03
9.30000000e+00   2.18491925e-03
9.31000000e+00   2.15494578e-03
9.32000000e+00   2.12534703e-03
9.33000000e+00   2.09611889e-03
9.34000000e+00   2.06725724e-03
9.35000000e+00   2.03875803e-03
9.36000000e+00   2.01061724e-03
9.37000000e+00   1.98283089e-03
9.38000000e+00   1.95539503e-03
9.39000000e+00   1.92830574e-03
9.40000000e+00   1.90155916e-03
9.41000000e+00   1.87515144e-03
9.42000000e+00   1.84907878e-03
9.43000000e+00   1.82333742e-03
9.44000000e+00   1.79792361e-03
9.45000000e+00   1.77283367e-03
9.46000000e+00   1.74806394e-03
9.47000000e+00   1.72361077e-03
9.48000000e+00   1.69947059e-03
9.49000000e+00   1.67563983e-03
9.50000000e+00   1.65211497e-03
9.51000000e+00   1.62889252e-03
9.52000000e+00   1.60596901e-03
9.53000000e+00   1.58334103e-03
9.54000000e+00   1.56100517e-03
9.55000000e+00   1.53895809e-03
9.56000000e+00   1.51719646e-03
9.57000000e+00   1.49571698e-03
9.58000000e+00   1.47451639e-03
9.59000000e+00   1.45359145e-03
9.60000000e+00   1.43293898e-03
9.61000000e+00   1.41255581e-03
9.62000000e+00   1.39243879e-03
9.63000000e+00   1.37258483e-03
9.64000000e+00   1.35299084e-03
9.65000000e+00   1.33365379e-03
9.66000000e+00   1.31457066e-03
9.67000000e+00   1.29573847e-03
9.68000000e+00   1.27715426e-03
9.69000000e+00   1.25881512e-03
9.70000000e+00   1.24071814e-03
9.71000000e+00   1.22286046e-03
9.72000000e+00   1.20523924e-03
9.73000000e+00   1.18785168e-03
9.74000000e+00   1.17069500e-03
9.75000000e+00   1.15376644e-03
9.76000000e+00   1.13706328e-03
9.77000000e+00   1.12058283e-03
9.78000000e+00   1.10432242e-03
9.79000000e+00   1.08827941e-03
9.80000000e+00   1.07245119e-03
9.81000000e+00   1.05683516e-03
9.82000000e+00   1.04142878e-03
9.83000000e+00   1.02622950e-03
9.84000000e+00   1.01123482e-03
9.85000000e+00   9.96442269e-04
9.86000000e+00   9.81849382e-04
9.87000000e+00   9.67453733e-04
9.88000000e+00   9.53252919e-04
9.89000000e+00   9.39244562e-04
9.90000000e+00   9.25426309e-04
9.91000000e+00   9.11795833e-04
9.92000000e+00   8.98350829e-04
9.93000000e+00   8.85089020e-04
9.94000000e+00   8.72008150e-04
9.95000000e+00   8.59105988e-04
9.96000000e+00   8.46380330e-04
9.97000000e+00   8.33828990e-04
9.98000000e+00   8.21449809e-04
9.99000000e+00   8.09240652e-04
1.00000000e+01   7.97199405e-04
1.00100000e+01   7.85323977e-04
1.00200000e+01   7.73612301e-04
1.00300000e+01   7.62062331e-04
1.00400000e+01   7.50672044e-04
1.00500000e+01   7.39439438e-04
1.00600000e+01   7.28362536e-04
1.00700000e+01   7.17439380e-04
1.00800000e+01   7.06668032e-04
1.00900000e+01   6.96046580e-04
1.01000000e+01   6.85573129e-04
1.01100000e+01   6.75245806e-04
1.01200000e+01   6.65062761e-04
1.01300000e+01   6.55022160e-04
1.01400000e+01   6.45122194e-04
1.01500000e+01   6.35361072e-04
1.01600000e+01   6.25737023e-04
1.01700000e+01   6.16248295e-04
1.01800000e+01   6.06893159e-04
1.01900000e+01   5.97669901e-04
1.02000000e+01   5.88576829e-04
1.02100000e+01   5.79612271e-04
1.02200000e+01   5.70774570e-04
1.02300000e+01   5.62062093e-04
1.02400000e+01   5.53473220e-04
1.02500000e+01   5.45006355e-04
1.02600000e+01   5.36659915e-04
1.02700000e+01   5.28432339e-04
1.02800000e+01   5.20322082e-04
1.02900000e+01   5.12327618e-04
1.03000000e+01   5.04447436e-04
1.03100000e+01   4.96680045e-04
1.03200000e+01   4.89023971e-04
1.03300000e+01   4.81477756e-04
1.03400000e+01   4.74039958e-04
1.03500000e+01   4.66709155e-04
1.03600000e+01   4.59483938e-04
1.03700000e+01   4.52362917e-04
1.03800000e+01   4.45344717e-04
1.03900000e+01   4.38427979e-04
1.04000000e+01   4.31611361e-04
1.04100000e+01   4.24893535e-04
1.04200000e+01   4.18273191e-04
1.04300000e+01   4.11749032e-04
1.04400000e+01   4.05319778e-04
1.04500000e+01   3.98984164e-04
1.04600000e+01   3.92740940e-04
1.04700000e+01   3.86588869e-04
1.04800000e+01   3.80526731e-04
1.04900000e+01   3.74553321e-04
1.05000000e+01   3.68667446e-04
1.05100000e+01   3.62867928e-04
1.05200000e+01   3.57153605e-04
1.05300000e+01   3.51523328e-04
1.05400000e+01   3.45975960e-04
1.05500000e+01   3.40510380e-04
1.05600000e+01   3.35125480e-04
1.05700000e+01   3.29820164e-04
1.05800000e+01   3.24593352e-04
1.05900000e+01   3.19443976e-04
1.06000000e+01   3.14370979e-04
1.06100000e+01   3.09373320e-04
1.06200000e+01   3.04449968e-04
1.06300000e+01   2.99599907e-04
1.06400000e+01   2.94822132e-04
1.06500000e+01   2.90115651e-04
1.06600000e+01   2.85479484e-04
1.06700000e+01   2.80912663e-04
1.06800000e+01   2.76414232e-04
1.06900000e+01   2.71983247e-04
1.07000000e+01   2.67618776e-04
1.07100000e+01   2.63319898e-04
1.07200000e+01   2.59085703e-04
1.07300000e+01   2.54915293e-04
1.07400000e+01   2.50807782e-04
1.07500000e+01   2.46762295e-04
1.07600000e+01   2.42777966e-04
1.07700000e+01   2.38853941e-04
1.07800000e+01   2.34989378e-04
1.07900000e+01   2.31183445e-04
1.08000000e+01   2.27435318e-04
1.08100000e+01   2.23744188e-04
1.08200000e+01   2.20109252e-04
1.08300000e+01   2.16529719e-04
1.08400000e+01   2.13004809e-04
1.08500000e+01   2.09533751e-04
1.08600000e+01   2.06115783e-04
1.08700000e+01   2.02750154e-04
1.08800000e+01   1.99436121e-04
1.08900000e+01   1.96172954e-04
1.09000000e+01   1.92959928e-04
1.09100000e+01   1.89796330e-04
1.09200000e+01   1.86681456e-04
1.09300000e+01   1.83614610e-04
1.09400000e+01   1.80595107e-04
1.09500000e+01   1.77622268e-04
1.09600000e+01   1.74695425e-04
1.09700000e+01   1.71813919e-04
1.09800000e+01   1.68977097e-04
1.09900000e+01   1.66184317e-04
1.10000000e+01   1.63434945e-04
1.10100000e+01   1.60728354e-04
1.10200000e+01   1.58063927e-04
1.10300000e+01   1.55441053e-04
1.10400000e+01   1.52859132e-04
1.10500000e+01   1.50317568e-04
1.10600000e+01   1.47815777e-04
1.10700000e+01   1.45353179e-04
1.10800000e+01   1.42929204e-04
1.10900000e+01   1.40543289e-04
1.11000000e+01   1.38194879e-04
1.11100000e+01   1.35883426e-04
1.11200000e+01   1.33608387e-04
1.11300000e+01   1.31369231e-04
1.11400000e+01   1.29165430e-04
1.11500000e+01   1.26996464e-04
1.11600000e+01   1.24861823e-04
1.11700000e+01   1.22760998e-04
1.11800000e+01   1.20693493e-04
1.11900000e+01   1.18658815e-04
1.12000000e+01   1.16656478e-04
1.12100000e+01   1.14686003e-04
1.12200000e+01   1.12746919e-04
1.12300000e+01   1.10838758e-04
1.12400000e+01   1.08961062e-04
1.12500000e+01   1.07113378e-04
1.12600000e+01   1.05295257e-04
1.12700000e+01   1.03506258e-04
1.12800000e+01   1.01745947e-04
1.12900000e+01   1.00013895e-04
1.13000000e+01   9.83096779e-05
1.13100000e+01   9.66328784e-05
1.13200000e+01   9.49830849e-05
1.13300000e+01   9.33598913e-05
1.13400000e+01   9.17628973e-05
1.13500000e+01   9.01917079e-05
1.13600000e+01   8.86459337e-05
1.13700000e+01   8.71251906e-05
1.13800000e+01   8.56290999e-05
1.13900000e+01   8.41572882e-05
1.14000000e+01   8.27093872e-05
1.14100000e+01   8.12850338e-05
1.14200000e+01   7.98838699e-05
1.14300000e+01   7.85055425e-05
1.14400000e+01   7.71497035e-05
1.14500000e+01   7.58160096e-05
1.14600000e+01   7.45041226e-05
1.14700000e+01   7.32137087e-05
1.14800000e+01   7.19444390e-05
1.14900000e+01   7.06959892e-05
1.15000000e+01   6.94680396e-05
1.15100000e+01   6.82602750e-05
1.15200000e+01   6.70723847e-05
1.15300000e+01   6.59040623e-05
1.15400000e+01   6.47550060e-05
1.15500000e+01   6.36249180e-05
1.15600000e+01   6.25135049e-05
1.15700000e+01   6.14204776e-05
1.15800000e+01   6.03455508e-05
1.15900000e+01   5.92884436e-05
1.16000000e+01   5.82488790e-05
1.16100000e+01   5.72265840e-05
1.16200000e+01   5.62212894e-05
1.16300000e+01   5.52327302e-05
1.16400000e+01   5.42606448e-05
1.16500000e+01   5.33047758e-05
1.16600000e+01   5.23648691e-05
1.16700000e+01   5.14406747e-05
1.16800000e+01   5.05319458e-05
1.16900000e+01   4.96384396e-05
1.17000000e+01   4.87599164e-05
1.17100000e+01   4.78961405e-05
1.17200000e+01   4.70468791e-05
1.17300000e+01   4.62119033e-05
1.17400000e+01   4.53909871e-05
1.17500000e+01   4.45839081e-05
1.17600000e+01   4.37904471e-05
1.17700000e+01   4.30103881e-05
1.17800000e+01   4.22435182e-05
1.17900000e+01   4.14896278e-05
1.18000000e+01   4.07485102e-05
1.18100000e+01   4.00199620e-05
1.18200000e+01   3.93037825e-05
1.18300000e+01   3.85997742e-05
1.18400000e+01   3.79077425e-05
1.18500000e+01   3.72274956e-05
1.18600000e+01   3.65588446e-05
1.18700000e+01   3.59016034e-05
1.18800000e+01   3.52555888e-05
1.18900000e+01   3.46206201e-05
1.19000000e+01   3.39965194e-05
1.19100000e+01   3.33831116e-05
1.19200000e+01   3.27802241e-05
1.19300000e+01   3.21876869e-05
1.19400000e+01   3.16053325e-05
1.19500000e+01   3.10329961e-05
1.19600000e+01   3.04705151e-05
1.19700000e+01   2.99177296e-05
1.19800000e+01   2.93744821e-05
1.19900000e+01   2.88406173e-05
1.20000000e+01   2.83159825e-05
1.20100000e+01   2.78004271e-05
1.20200000e+01   2.72938029e-05
1.20300000e+01   2.67959640e-05
1.20400000e+01   2.63067665e-05
1.20500000e+01   2.58260690e-05
1.20600000e+01   2.53537321e-05
1.20700000e+01   2.48896184e-05
1.20800000e+01   2.44335929e-05
1.20900000e+01   2.39855224e-05
1.21000000e+01   2.35452759e-05
1.21100000e+01   2.31127244e-05
1.21200000e+01   2.26877409e-05
1.21300000e+01   2.22702002e-05
1.21400000e+01   2.18599793e-05
1.21500000e+01   2.14569568e-05
1.21600000e+01   2.10610134e-05
1.21700000e+01   2.06720316e-05
1.21800000e+01   2.02898957e-05
1.21900000e+01   1.99144917e-05
1.22000000e+01   1.95457076e-05
1.22100000e+01   1.91834329e-05
1.22200000e+01   1.88275590e-05
1.22300000e+01   1.84779790e-05
1.22400000e+01   1.81345875e-05
1.22500000e+01   1.77972809e-05
1.22600000e+01   1.74659571e-05
1.22700000e+01   1.71405158e-05
1.22800000e+01   1.68208581e-05
1.22900000e+01   1.65068868e-05
1.23000000e+01   1.61985059e-05
1.23100000e+01   1.58956214e-05
1.23200000e+01   1.55981405e-05
1.23300000e+01   1.53059718e-05
1.23400000e+01   1.50190256e-05
1.23500000e+01   1.47372133e-05
1.23600000e+01   1.44604480e-05
1.23700000e+01   1.41886441e-05
1.23800000e+01   1.39217173e-05
1.23900000e+01   1.36595846e-05
1.24000000e+01   1.34021645e-05
1.24100000e+01   1.31493766e-05
1.24200000e+01   1.29011419e-05
1.24300000e+01   1.26573827e-05
1.24400000e+01   1.24180224e-05
1.24500000e+01   1.21829858e-05
1.24600000e+01   1.19521988e-05
1.24700000e+01   1.17255885e-05
1.24800000e+01   1.15030833e-05
1.24900000e+01   1.12846125e-05
1.25000000e+01   1.10701068e-05
1.25100000e+01   1.08594978e-05
1.25200000e+01   1.06527185e-05
1.25300000e+01   1.04497026e-05
1.25400000e+01   1.02503852e-05
1.25500000e+01   1.00547023e-05
1.25600000e+01   9.86259097e-06
1.25700000e+01   9.67398933e-06
1.25800000e+01   9.48883648e-06
1.25900000e+01   9.30707252e-06
1.26000000e+01   9.12863853e-06
1.26100000e+01   8.95347656e-06
1.26200000e+01   8.78152960e-06
1.26300000e+01   8.61274158e-06
1.26400000e+01   8.44705735e-06
1.26500000e+01   8.28442267e-06
1.26600000e+01   8.12478418e-06
1.26700000e+01   7.96808943e-06
1.26800000e+01   7.81428679e-06
1.26900000e+01   7.66332552e-06
1.27000000e+01   7.51515571e-06
1.27100000e+01   7.36972826e-06
1.27200000e+01   7.22699490e-06
1.27300000e+01   7.08690817e-06
1.27400000e+01   6.94942136e-06
1.27500000e+01   6.81448859e-06
1.27600000e+01   6.68206470e-06
1.27700000e+01   6.55210531e-06
1.27800000e+01   6.42456676e-06
1.27900000e+01   6.29940614e-06
1.28000000e+01   6.17658123e-06
1.28100000e+01   6.05605056e-06
1.28200000e+01   5.93777332e-06
1.28300000e+01   5.82170939e-06
1.28400000e+01   5.70781933e-06
1.28500000e+01   5.59606437e-06
1.28600000e+01   5.48640639e-06
1.28700000e+01   5.37880791e-06
1.28800000e+01   5.27323207e-06
1.28900000e+01   5.16964265e-06
1.29000000e+01   5.06800404e-06
1.29100000e+01   4.96828124e-06
1.29200000e+01   4.87043983e-06
1.29300000e+01   4.77444598e-06
1.29400000e+01   4.68026643e-06
1.29500000e+01   4.58786850e-06
1.29600000e+01   4.49722005e-06
1.29700000e+01   4.40828951e-06
1.29800000e+01   4.32104582e-06
1.29900000e+01   4.23545847e-06
1.30000000e+01   4.15149748e-06
1.30100000e+01   4.06913335e-06
1.30200000e+01   3.98833713e-06
1.30300000e+01   3.90908034e-06
1.30400000e+01   3.83133500e-06
1.30500000e+01   3.75507359e-06
1.30600000e+01   3.68026909e-06
1.30700000e+01   3.60689495e-06
1.30800000e+01   3.53492504e-06
1.30900000e+01   3.46433373e-06
1.31000000e+01   3.39509580e-06
1.31100000e+01   3.32718648e-06
1.31200000e+01   3.26058143e-06
1.31300000e+01   3.19525673e-06
1.31400000e+01   3.13118887e-06
1.31500000e+01   3.06835476e-06
1.31600000e+01   3.00673170e-06
1.31700000e+01   2.94629740e-06
1.31800000e+01   2.88702996e-06
1.31900000e+01   2.82890784e-06
1.32000000e+01   2.77190990e-06
1.32100000e+01   2.71601537e-06
1.32200000e+01   2.66120382e-06
1.32300000e+01   2.60745520e-06
1.32400000e+01   2.55474982e-06
1.32500000e+01   2.50306831e-06
1.32600000e+01   2.45239165e-06
1.32700000e+01   2.40270118e-06
1.32800000e+01   2.35397854e-06
1.32900000e+01   2.30620570e-06
1.33000000e+01   2.25936496e-06
1.33100000e+01   2.21343893e-06
1.33200000e+01   2.16841051e-06
1.33300000e+01   2.12426292e-06
1.33400000e+01   2.08097969e-06
1.33500000e+01   2.03854462e-06
1.33600000e+01   1.99694181e-06
1.33700000e+01   1.95615564e-06
1.33800000e+01   1.91617077e-06
1.33900000e+01   1.87697213e-06
1.34000000e+01   1.83854492e-06
1.34100000e+01   1.80087462e-06
1.34200000e+01   1.76394695e-06
1.34300000e+01   1.72774788e-06
1.34400000e+01   1.69226367e-06
1.34500000e+01   1.65748079e-06
1.34600000e+01   1.62338597e-06
1.34700000e+01   1.58996617e-06
1.34800000e+01   1.55720859e-06
1.34900000e+01   1.52510067e-06
1.35000000e+01   1.49363005e-06
1.35100000e+01   1.46278463e-06
1.35200000e+01   1.43255250e-06
1.35300000e+01   1.40292198e-06
1.35400000e+01   1.37388160e-06
1.35500000e+01   1.34542009e-06
1.35600000e+01   1.31752639e-06
1.35700000e+01   1.29018965e-06
1.35800000e+01   1.26339921e-06
1.35900000e+01   1.23714459e-06
1.36000000e+01   1.21141554e-06
1.36100000e+01   1.18620195e-06
1.36200000e+01   1.16149393e-06
1.36300000e+01   1.13728176e-06
1.36400000e+01   1.11355589e-06
1.36500000e+01   1.09030696e-06
1.36600000e+01   1.06752577e-06
1.36700000e+01   1.04520329e-06
1.36800000e+01   1.02333066e-06
1.36900000e+01   1.00189919e-06
1.37000000e+01   9.80900337e-07
1.37100000e+01   9.60325723e-07
1.37200000e+01   9.40167123e-07
1.37300000e+01   9.20416466e-07
1.37400000e+01   9.01065827e-07
1.37500000e+01   8.82107431e-07
1.37600000e+01   8.63533645e-07
1.37700000e+01   8.45336980e-07
1.37800000e+01   8.27510084e-07
1.37900000e+01   8.10045744e-07
1.38000000e+01   7.92936879e-07
1.38100000e+01   7.76176541e-07
1.38200000e+01   7.59757913e-07
1.38300000e+01   7.43674303e-07
1.38400000e+01   7.27919146e-07
1.38500000e+01   7.12485998e-07
1.38600000e+01   6.97368539e-07
1.38700000e+01   6.82560565e-07
1.38800000e+01   6.68055987e-07
1.38900000e+01   6.53848835e-07
1.39000000e+01   6.39933246e-07
1.39100000e+01   6.26303473e-07
1.39200000e+01   6.12953872e-07
1.39300000e+01   5.99878909e-07
1.39400000e+01   5.87073153e-07
1.39500000e+01   5.74531276e-07
1.39600000e+01   5.62248052e-07
1.39700000e+01   5.50218351e-07
1.39800000e+01   5.38437144e-07
1.39900000e+01   5.26899494e-07
1.40000000e+01   5.15600560e-07
1.40100000e+01   5.04535593e-07
1.40200000e+01   4.93699933e-07
1.40300000e+01   4.83089010e-07
1.40400000e+01   4.72698340e-07
1.40500000e+01   4.62523527e-07
1.40600000e+01   4.52560255e-07
1.40700000e+01   4.42804294e-07
1.40800000e+01   4.33251495e-07
1.40900000e+01   4.23897785e-07
1.41000000e+01   4.14739174e-07
1.41100000e+01   4.05771744e-07
1.41200000e+01   3.96991655e-07
1.41300000e+01   3.88395141e-07
1.41400000e+01   3.79978506e-07
1.41500000e+01   3.71738129e-07
1.41600000e+01   3.63670456e-07
1.41700000e+01   3.55772002e-07
1.41800000e+01   3.48039350e-07
1.41900000e+01   3.40469150e-07
1.42000000e+01   3.33058114e-07
1.42100000e+01   3.25803021e-07
1.42200000e+01   3.18700711e-07
1.42300000e+01   3.11748084e-07
1.42400000e+01   3.04942104e-07
1.42500000e+01   2.98279789e-07
1.42600000e+01   2.91758219e-07
1.42700000e+01   2.85374530e-07
1.42800000e+01   2.79125914e-07
1.42900000e+01   2.73009617e-07
1.43000000e+01   2.67022938e-07
1.43100000e+01   2.61163232e-07
1.43200000e+01   2.55427903e-07
1.43300000e+01   2.49814407e-07
1.43400000e+01   2.44320250e-07
1.43500000e+01   2.38942986e-07
1.43600000e+01   2.33680218e-07
1.43700000e+01   2.28529597e-07
1.43800000e+01   2.23488818e-07
1.43900000e+01   2.18555623e-07
1.44000000e+01   2.13727798e-07
1.44100000e+01   2.09003174e-07
1.44200000e+01   2.04379623e-07
1.44300000e+01   1.99855059e-07
1.44400000e+01   1.95427440e-07
1.44500000e+01   1.91094762e-07
1.44600000e+01   1.86855062e-07
1.44700000e+01   1.82706414e-07
1.44800000e+01   1.78646933e-07
1.44900000e+01   1.74674769e-07
1.45000000e+01   1.70788112e-07
1.45100000e+01   1.66985185e-07
1.45200000e+01   1.63264247e-07
1.45300000e+01   1.59623594e-07
1.45400000e+01   1.56061553e-07
1.45500000e+01   1.52576487e-07
1.45600000e+01   1.49166789e-07
1.45700000e+01   1.45830888e-07
1.45800000e+01   1.42567241e-07
1.45900000e+01   1.39374338e-07
1.46000000e+01   1.36250698e-07
1.46100000e+01   1.33194871e-07
1.46200000e+01   1.30205436e-07
1.46300000e+01   1.27281000e-07
1.46400000e+01   1.24420199e-07
1.46500000e+01   1.21621695e-07
1.46600000e+01   1.18884178e-07
1.46700000e+01   1.16206365e-07
1.46800000e+01   1.13586999e-07
1.46900000e+01   1.11024846e-07
1.47000000e+01   1.08518701e-07
1.47100000e+01   1.06067381e-07
1.47200000e+01   1.03669727e-07
1.47300000e+01   1.01324603e-07
1.47400000e+01   9.90308992e-08
1.47500000e+01   9.67875249e-08
1.47600000e+01   9.45934133e-08
1.47700000e+01   9.24475193e-08
1.47800000e+01   9.03488188e-08
1.47900000e+01   8.82963089e-08
1.48000000e+01   8.62890070e-08
1.48100000e+01   8.43259508e-08
1.48200000e+01   8.24061976e-08
1.48300000e+01   8.05288241e-08
1.48400000e+01   7.86929260e-08
1.48500000e+01   7.68976174e-08
1.48600000e+01   7.51420309e-08
1.48700000e+01   7.34253166e-08
1.48800000e+01   7.17466424e-08
1.48900000e+01   7.01051933e-08
1.49000000e+01   6.85001710e-08
1.49100000e+01   6.69307938e-08
1.49200000e+01   6.53962961e-08
1.49300000e+01   6.38959283e-08
1.49400000e+01   6.24289561e-08
1.49500000e+01   6.09946605e-08
1.49600000e+01   5.95923375e-08
1.49700000e+01   5.82212976e-08
1.49800000e+01   5.68808658e-08
1.49900000e+01   5.55703808e-08
1.50000000e+01   5.42891955e-08
