0.00000000e+00   0.00000000e+00
1.00000000e-02   3.78309715e-03
2.00000000e-02   7.56587992e-03
3.00000000e-02   1.13480340e-02
4.00000000e-02   1.51292451e-02
5.00000000e-02   1.89091991e-02
6.00000000e-02   2.26875821e-02
7.00000000e-02   2.64640803e-02
8.00000000e-02   3.02383804e-02
9.00000000e-02   3.40101691e-02
1.00000000e-01   3.77791335e-02
1.10000000e-01   4.15449614e-02
1.20000000e-01   4.53073407e-02
1.30000000e-01   4.90659599e-02
1.40000000e-01   5.28205080e-02
1.50000000e-01   5.65706746e-02
1.60000000e-01   6.03161498e-02
1.70000000e-01   6.40566245e-02
1.80000000e-01   6.77917902e-02
1.90000000e-01   7.15213392e-02
2.00000000e-01   7.52449644e-02
2.10000000e-01   7.89623598e-02
2.20000000e-01   8.26732200e-02
2.30000000e-01   8.63772406e-02
2.40000000e-01   9.00741182e-02
2.50000000e-01   9.37635503e-02
2.60000000e-01   9.74452355e-02
2.70000000e-01   1.01118873e-01
2.80000000e-01   1.04784165e-01
2.90000000e-01   1.08440811e-01
3.00000000e-01   1.12088516e-01
3.10000000e-01   1.15726984e-01
3.20000000e-01   1.19355920e-01
3.30000000e-01   1.22975031e-01
3.40000000e-01   1.26584025e-01
3.50000000e-01   1.30182613e-01
3.60000000e-01   1.33770504e-01
3.70000000e-01   1.37347412e-01
3.80000000e-01   1.40913050e-01
3.90000000e-01   1.44467135e-01
4.00000000e-01   1.48009382e-01
4.10000000e-01   1.51539512e-01
4.20000000e-01   1.55057243e-01
4.30000000e-01   1.58562300e-01
4.40000000e-01   1.62054404e-01
4.50000000e-01   1.65533282e-01
4.60000000e-01   1.68998661e-01
4.70000000e-01   1.72450271e-01
4.80000000e-01   1.75887842e-01
4.90000000e-01   1.79311107e-01
5.00000000e-01   1.82719802e-01
5.10000000e-01   1.86113663e-01
5.20000000e-01   1.89492429e-01
5.30000000e-01   1.92855841e-01
5.40000000e-01   1.96203642e-01
5.50000000e-01   1.99535578e-01
5.60000000e-01   2.02851394e-01
5.70000000e-01   2.06150842e-01
5.80000000e-01   2.09433672e-01
5.90000000e-01   2.12699639e-01
6.00000000e-01   2.15948498e-01
6.10000000e-01   2.19180007e-01
6.20000000e-01   2.22393929e-01
6.30000000e-01   2.25590025e-01
6.40000000e-01   2.28768061e-01
6.50000000e-01   2.31927806e-01
6.60000000e-01   2.35069028e-01
6.70000000e-01   2.38191502e-01
6.80000000e-01   2.41295002e-01
6.90000000e-01   2.44379306e-01
7.00000000e-01   2.47444195e-01
7.10000000e-01   2.50489451e-01
7.20000000e-01   2.53514860e-01
7.30000000e-01   2.56520210e-01
7.40000000e-01   2.59505292e-01
7.50000000e-01   2.62469898e-01
7.60000000e-01   2.65413826e-01
7.70000000e-01   2.68336874e-01
7.80000000e-01   2.71238844e-01
7.90000000e-01   2.74119539e-01
8.00000000e-01   2.76978767e-01
8.10000000e-01   2.79816339e-01
8.20000000e-01   2.82632065e-01
8.30000000e-01   2.85425763e-01
8.40000000e-01   2.88197250e-01
8.50000000e-01   2.90946348e-01
8.60000000e-01   2.93672881e-01
8.70000000e-01   2.96376676e-01
8.80000000e-01   2.99057563e-01
8.90000000e-01   3.01715374e-01
9.00000000e-01   3.04349947e-01
9.10000000e-01   3.06961119e-01
9.20000000e-01   3.09548733e-01
9.30000000e-01   3.12112633e-01
9.40000000e-01   3.14652667e-01
9.50000000e-01   3.17168687e-01
9.60000000e-01   3.19660546e-01
9.70000000e-01   3.22128101e-01
9.80000000e-01   3.24571212e-01
9.90000000e-01   3.26989743e-01
1.00000000e+00   3.29383560e-01
1.01000000e+00   3.31752532e-01
1.02000000e+00   3.34096531e-01
1.03000000e+00   3.36415434e-01
1.04000000e+00   3.38709118e-01
1.05000000e+00   3.40977467e-01
1.06000000e+00   3.43220364e-01
1.07000000e+00   3.45437698e-01
1.08000000e+00   3.47629361e-01
1.09000000e+00   3.49795246e-01
1.10000000e+00   3.51935251e-01
1.11000000e+00   3.54049278e-01
1.12000000e+00   3.56137230e-01
1.13000000e+00   3.58199015e-01
1.14000000e+00   3.60234542e-01
1.15000000e+00   3.62243725e-01
1.16000000e+00   3.64226481e-01
1.17000000e+00   3.66182731e-01
1.18000000e+00   3.68112396e-01
1.19000000e+00   3.70015403e-01
1.20000000e+00   3.71891682e-01
1.21000000e+00   3.73741166e-01
1.22000000e+00   3.75563790e-01
1.23000000e+00   3.77359493e-01
1.24000000e+00   3.79128217e-01
1.25000000e+00   3.80869909e-01
1.26000000e+00   3.82584516e-01
1.27000000e+00   3.84271991e-01
1.28000000e+00   3.85932287e-01
1.29000000e+00   3.87565364e-01
1.30000000e+00   3.89171182e-01
1.31000000e+00   3.90749707e-01
1.32000000e+00   3.92300904e-01
1.33000000e+00   3.93824746e-01
1.34000000e+00   3.95321206e-01
1.35000000e+00   3.96790261e-01
1.36000000e+00   3.98231891e-01
1.37000000e+00   3.99646079e-01
1.38000000e+00   4.01032811e-01
1.39000000e+00   4.02392078e-01
1.40000000e+00   4.03723870e-01
1.41000000e+00   4.05028184e-01
1.42000000e+00   4.06305019e-01
1.43000000e+00   4.07554375e-01
1.44000000e+00   4.08776258e-01
1.45000000e+00   4.09970675e-01
1.46000000e+00   4.11137637e-01
1.47000000e+00   4.12277157e-01
1.48000000e+00   4.13389252e-01
1.49000000e+00   4.14473942e-01
1.50000000e+00   4.15531250e-01
1.51000000e+00   4.16561200e-01
1.52000000e+00   4.17563821e-01
1.53000000e+00   4.18539144e-01
1.54000000e+00   4.19487205e-01
1.55000000e+00   4.20408039e-01
1.56000000e+00   4.21301686e-01
1.57000000e+00   4.22168190e-01
1.58000000e+00   4.23007596e-01
1.59000000e+00   4.23819952e-01
1.60000000e+00   4.24605310e-01
1.61000000e+00   4.25363722e-01
1.62000000e+00   4.26095247e-01
1.63000000e+00   4.26799943e-01
1.64000000e+00   4.27477873e-01
1.65000000e+00   4.28129101e-01
1.66000000e+00   4.28753694e-01
1.67000000e+00   4.29351723e-01
1.68000000e+00   4.29923260e-01
1.69000000e+00   4.30468381e-01
1.70000000e+00   4.30987163e-01
1.71000000e+00   4.31479686e-01
1.72000000e+00   4.31946034e-01
1.73000000e+00   4.32386293e-01
1.74000000e+00   4.32800549e-01
1.75000000e+00   4.33188893e-01
1.76000000e+00   4.33551418e-01
1.77000000e+00   4.33888219e-01
1.78000000e+00   4.34199394e-01
1.79000000e+00   4.34485042e-01
1.80000000e+00   4.34745266e-01
1.81000000e+00   4.34980170e-01
1.82000000e+00   4.35189862e-01
1.83000000e+00   4.35374449e-01
1.84000000e+00   4.35534044e-01
1.85000000e+00   4.35668760e-01
1.86000000e+00   4.35778713e-01
1.87000000e+00   4.35864019e-01
1.88000000e+00   4.35924801e-01
1.89000000e+00   4.35961178e-01
1.90000000e+00   4.35973276e-01
1.91000000e+00   4.35961221e-01
1.92000000e+00   4.35925140e-01
1.93000000e+00   4.35865163e-01
1.94000000e+00   4.35781424e-01
1.95000000e+00   4.35674055e-01
1.96000000e+00   4.35543194e-01
1.97000000e+00   4.35388976e-01
1.98000000e+00   4.35211542e-01
1.99000000e+00   4.35011034e-01
2.00000000e+00   4.34787594e-01
2.01000000e+00   4.34541367e-01
2.02000000e+00   4.34272501e-01
2.03000000e+00   4.33981142e-01
2.04000000e+00   4.33667442e-01
2.05000000e+00   4.33331552e-01
2.06000000e+00   4.32973624e-01
2.07000000e+00   4.32593814e-01
2.08000000e+00   4.32192279e-01
2.09000000e+00   4.31769175e-01
2.10000000e+00   4.31324662e-01
2.11000000e+00   4.30858901e-01
2.12000000e+00   4.30372054e-01
2.13000000e+00   4.29864284e-01
2.14000000e+00   4.29335757e-01
2.15000000e+00   4.28786638e-01
2.16000000e+00   4.28217095e-01
2.17000000e+00   4.27627296e-01
2.18000000e+00   4.27017413e-01
2.19000000e+00   4.26387615e-01
2.20000000e+00   4.25738076e-01
2.21000000e+00   4.25068968e-01
2.22000000e+00   4.24380467e-01
2.23000000e+00   4.23672747e-01
2.24000000e+00   4.22945986e-01
2.25000000e+00   4.22200362e-01
2.26000000e+00   4.21436053e-01
2.27000000e+00   4.20653238e-01
2.28000000e+00   4.19852099e-01
2.29000000e+00   4.19032817e-01
2.30000000e+00   4.18195574e-01
2.31000000e+00   4.17340554e-01
2.32000000e+00   4.16467940e-01
2.33000000e+00   4.15577917e-01
2.34000000e+00   4.14670670e-01
2.35000000e+00   4.13746387e-01
2.36000000e+00   4.12805253e-01
2.37000000e+00   4.11847456e-01
2.38000000e+00   4.10873184e-01
2.39000000e+00   4.09882627e-01
2.40000000e+00   4.08875973e-01
2.41000000e+00   4.07853412e-01
2.42000000e+00   4.06815135e-01
2.43000000e+00   4.05761332e-01
2.44000000e+00   4.04692194e-01
2.45000000e+00   4.03607913e-01
2.46000000e+00   4.02508682e-01
2.47000000e+00   4.01394692e-01
2.48000000e+00   4.00266136e-01
2.49000000e+00   3.99123208e-01
2.50000000e+00   3.97966099e-01
2.51000000e+00   3.96795005e-01
2.52000000e+00   3.95610118e-01
2.53000000e+00   3.94411633e-01
2.54000000e+00   3.93199743e-01
2.55000000e+00   3.91974643e-01
2.56000000e+00   3.90736527e-01
2.57000000e+00   3.89485589e-01
2.58000000e+00   3.88222024e-01
2.59000000e+00   3.86946026e-01
2.60000000e+00   3.85657789e-01
2.61000000e+00   3.84357507e-01
2.62000000e+00   3.83045376e-01
2.63000000e+00   3.81721589e-01
2.64000000e+00   3.80386340e-01
2.65000000e+00   3.79039823e-01
2.66000000e+00   3.77682232e-01
2.67000000e+00   3.76313760e-01
2.68000000e+00   3.74934601e-01
2.69000000e+00   3.73544947e-01
2.70000000e+00   3.72144993e-01
2.71000000e+00   3.70734929e-01
2.72000000e+00   3.69314949e-01
2.73000000e+00   3.67885244e-01
2.74000000e+00   3.66446006e-01
2.75000000e+00   3.64997426e-01
2.76000000e+00   3.63539694e-01
2.77000000e+00   3.62073000e-01
2.78000000e+00   3.60597536e-01
2.79000000e+00   3.59113489e-01
2.80000000e+00   3.57621049e-01
2.81000000e+00   3.56120404e-01
2.82000000e+00   3.54611741e-01
2.83000000e+00   3.53095248e-01
2.84000000e+00   3.51571112e-01
2.85000000e+00   3.50039518e-01
2.86000000e+00   3.48500651e-01
2.87000000e+00   3.46954697e-01
2.88000000e+00   3.45401840e-01
2.89000000e+00   3.43842261e-01
2.90000000e+00   3.42276146e-01
2.91000000e+00   3.40703674e-01
2.92000000e+00   3.39125027e-01
2.93000000e+00   3.37540385e-01
2.94000000e+00   3.35949929e-01
2.95000000e+00   3.34353836e-01
2.96000000e+00   3.32752285e-01
2.97000000e+00   3.31145453e-01
2.98000000e+00   3.29533515e-01
2.99000000e+00   3.27916647e-01
3.00000000e+00   3.26295024e-01
3.01000000e+00   3.24668819e-01
3.02000000e+00   3.23038205e-01
3.03000000e+00   3.21403352e-01
3.04000000e+00   3.19764433e-01
3.05000000e+00   3.18121616e-01
3.06000000e+00   3.16475070e-01
3.07000000e+00   3.14824963e-01
3.08000000e+00   3.13171462e-01
3.09000000e+00   3.11514732e-01
3.10000000e+00   3.09854937e-01
3.11000000e+00   3.08192242e-01
3.12000000e+00   3.06526808e-01
3.13000000e+00   3.04858797e-01
3.14000000e+00   3.03188370e-01
3.15000000e+00   3.01515684e-01
3.16000000e+00   2.99840899e-01
3.17000000e+00   2.98164171e-01
3.18000000e+00   2.96485656e-01
3.19000000e+00   2.94805509e-01
3.20000000e+00   2.93123881e-01
3.21000000e+00   2.91440927e-01
3.22000000e+00   2.89756797e-01
3.23000000e+00   2.88071640e-01
3.24000000e+00   2.86385605e-01
3.25000000e+00   2.84698840e-01
3.26000000e+00   2.83011490e-01
3.27000000e+00   2.81323701e-01
3.28000000e+00   2.79635615e-01
3.29000000e+00   2.77947376e-01
3.30000000e+00   2.76259124e-01
3.31000000e+00   2.74570999e-01
3.32000000e+00   2.72883140e-01
3.33000000e+00   2.71195684e-01
3.34000000e+00   2.69508766e-01
3.35000000e+00   2.67822521e-01
3.36000000e+00   2.66137083e-01
3.37000000e+00   2.64452584e-01
3.38000000e+00   2.62769153e-01
3.39000000e+00   2.61086921e-01
3.40000000e+00   2.59406015e-01
3.41000000e+00   2.57726562e-01
3.42000000e+00   2.56048688e-01
3.43000000e+00   2.54372515e-01
3.44000000e+00   2.52698168e-01
3.45000000e+00   2.51025766e-01
3.46000000e+00   2.49355430e-01
3.47000000e+00   2.47687278e-01
3.48000000e+00   2.46021427e-01
3.49000000e+00   2.44357994e-01
3.50000000e+00   2.42697092e-01
3.51000000e+00   2.41038834e-01
3.52000000e+00   2.39383332e-01
3.53000000e+00   2.37730697e-01
3.54000000e+00   2.36081036e-01
3.55000000e+00   2.34434458e-01
3.56000000e+00   2.32791068e-01
3.57000000e+00   2.31150971e-01
3.58000000e+00   2.29514271e-01
3.59000000e+00   2.27881068e-01
3.60000000e+00   2.26251465e-01
3.61000000e+00   2.24625559e-01
3.62000000e+00   2.23003449e-01
3.63000000e+00   2.21385231e-01
3.64000000e+00   2.19770999e-01
3.65000000e+00   2.18160847e-01
3.66000000e+00   2.16554868e-01
3.67000000e+00   2.14953152e-01
3.68000000e+00   2.13355789e-01
3.69000000e+00   2.11762866e-01
3.70000000e+00   2.10174471e-01
3.71000000e+00   2.08590687e-01
3.72000000e+00   2.07011600e-01
3.73000000e+00   2.05437291e-01
3.74000000e+00   2.03867843e-01
3.75000000e+00   2.02303333e-01
3.76000000e+00   2.00743842e-01
3.77000000e+00   1.99189445e-01
3.78000000e+00   1.97640219e-01
3.79000000e+00   1.96096238e-01
3.80000000e+00   1.94557574e-01
3.81000000e+00   1.93024299e-01
3.82000000e+00   1.91496485e-01
3.83000000e+00   1.89974198e-01
3.84000000e+00   1.88457508e-01
3.85000000e+00   1.86946480e-01
3.86000000e+00   1.85441179e-01
3.87000000e+00   1.83941668e-01
3.88000000e+00   1.82448011e-01
3.89000000e+00   1.80960268e-01
3.90000000e+00   1.79478499e-01
3.91000000e+00   1.78002761e-01
3.92000000e+00   1.76533113e-01
3.93000000e+00   1.75069609e-01
3.94000000e+00   1.73612305e-01
3.95000000e+00   1.72161254e-01
3.96000000e+00   1.70716507e-01
3.97000000e+00   1.69278116e-01
3.98000000e+00   1.67846129e-01
3.99000000e+00   1.66420596e-01
4.00000000e+00   1.65001562e-01
4.01000000e+00   1.63589074e-01
4.02000000e+00   1.62183177e-01
4.03000000e+00   1.60783912e-01
4.04000000e+00   1.59391324e-01
4.05000000e+00   1.58005452e-01
4.06000000e+00   1.56626336e-01
4.07000000e+00   1.55254015e-01
4.08000000e+00   1.53888526e-01
4.09000000e+00   1.52529905e-01
4.10000000e+00   1.51178187e-01
4.11000000e+00   1.49833406e-01
4.12000000e+00   1.48495595e-01
4.13000000e+00   1.47164785e-01
4.14000000e+00   1.45841007e-01
4.15000000e+00   1.44524289e-01
4.16000000e+00   1.43214661e-01
4.17000000e+00   1.41912149e-01
4.18000000e+00   1.40616779e-01
4.19000000e+00   1.39328576e-01
4.20000000e+00   1.38047564e-01
4.21000000e+00   1.36773765e-01
4.22000000e+00   1.35507202e-01
4.23000000e+00   1.34247896e-01
4.24000000e+00   1.32995864e-01
4.25000000e+00   1.31751127e-01
4.26000000e+00   1.30513702e-01
4.27000000e+00   1.29283605e-01
4.28000000e+00   1.28060852e-01
4.29000000e+00   1.26845457e-01
4.30000000e+00   1.25637435e-01
4.31000000e+00   1.24436797e-01
4.32000000e+00   1.23243555e-01
4.33000000e+00   1.22057720e-01
4.34000000e+00   1.20879302e-01
4.35000000e+00   1.19708310e-01
4.36000000e+00   1.18544751e-01
4.37000000e+00   1.17388632e-01
4.38000000e+00   1.16239960e-01
4.39000000e+00   1.15098739e-01
4.40000000e+00   1.13964974e-01
4.41000000e+00   1.12838669e-01
4.42000000e+00   1.11719826e-01
4.43000000e+00   1.10608446e-01
4.44000000e+00   1.09504531e-01
4.45000000e+00   1.08408080e-01
4.46000000e+00   1.07319093e-01
4.47000000e+00   1.06237568e-01
4.48000000e+00   1.05163503e-01
4.49000000e+00   1.04096895e-01
4.50000000e+00   1.03037739e-01
4.51000000e+00   1.01986031e-01
4.52000000e+00   1.00941765e-01
4.53000000e+00   9.99049351e-02
4.54000000e+00   9.88755343e-02
4.55000000e+00   9.78535549e-02
4.56000000e+00   9.68389884e-02
4.57000000e+00   9.58318255e-02
4.58000000e+00   9.48320565e-02
4.59000000e+00   9.38396707e-02
4.60000000e+00   9.28546570e-02
4.61000000e+00   9.18770035e-02
4.62000000e+00   9.09066975e-02
4.63000000e+00   8.99437259e-02
4.64000000e+00   8.89880748e-02
4.65000000e+00   8.80397298e-02
4.66000000e+00   8.70986757e-02
4.67000000e+00   8.61648968e-02
4.68000000e+00   8.52383768e-02
4.69000000e+00   8.43190989e-02
4.70000000e+00   8.34070455e-02
4.71000000e+00   8.25021986e-02
4.72000000e+00   8.16045395e-02
4.73000000e+00   8.07140492e-02
4.74000000e+00   7.98307080e-02
4.75000000e+00   7.89544955e-02
4.76000000e+00   7.80853911e-02
4.77000000e+00   7.72233734e-02
4.78000000e+00   7.63684208e-02
4.79000000e+00   7.55205110e-02
4.80000000e+00   7.46796212e-02
4.81000000e+00   7.38457282e-02
4.82000000e+00   7.30188083e-02
4.83000000e+00   7.21988375e-02
4.84000000e+00   7.13857912e-02
4.85000000e+00   7.05796443e-02
4.86000000e+00   6.97803713e-02
4.87000000e+00   6.89879466e-02
4.88000000e+00   6.82023437e-02
4.89000000e+00   6.74235361e-02
4.90000000e+00   6.66514967e-02
4.91000000e+00   6.58861980e-02
4.92000000e+00   6.51276123e-02
4.93000000e+00   6.43757114e-02
4.94000000e+00   6.36304668e-02
4.95000000e+00   6.28918496e-02
4.96000000e+00   6.21598305e-02
4.97000000e+00   6.14343802e-02
4.98000000e+00   6.07154687e-02
4.99000000e+00   6.00030659e-02
5.00000000e+00   5.92971412e-02
5.01000000e+00   5.85976640e-02
5.02000000e+00   5.79046032e-02
5.03000000e+00   5.72179275e-02
5.04000000e+00   5.65376053e-02
5.05000000e+00   5.58636047e-02
5.06000000e+00   5.51958936e-02
5.07000000e+00   5.45344397e-02
5.08000000e+00   5.38792103e-02
5.09000000e+00   5.32301727e-02
5.10000000e+00   5.25872937e-02
5.11000000e+00   5.19505403e-02
5.12000000e+00   5.13198787e-02
5.13000000e+00   5.06952755e-02
5.14000000e+00   5.00766967e-02
5.15000000e+00   4.94641083e-02
5.16000000e+00   4.88574761e-02
5.17000000e+00   4.82567656e-02
5.18000000e+00   4.76619424e-02
5.19000000e+00   4.70729717e-02
5.20000000e+00   4.64898186e-02
5.21000000e+00   4.59124481e-02
5.22000000e+00   4.53408251e-02
5.23000000e+00   4.47749144e-02
5.24000000e+00   4.42146804e-02
5.25000000e+00   4.36600878e-02
5.26000000e+00   4.31111009e-02
5.27000000e+00   4.25676840e-02
5.28000000e+00   4.20298013e-02
5.29000000e+00   4.14974168e-02
5.30000000e+00   4.09704947e-02
5.31000000e+00   4.04489987e-02
5.32000000e+00   3.99328928e-02
5.33000000e+00   3.94221408e-02
5.34000000e+00   3.89167064e-02
5.35000000e+00   3.84165533e-02
5.36000000e+00   3.79216452e-02
5.37000000e+00   3.74319456e-02
5.38000000e+00   3.69474181e-02
5.39000000e+00   3.64680262e-02
5.40000000e+00   3.59937334e-02
5.41000000e+00   3.55245033e-02
5.42000000e+00   3.50602992e-02
5.43000000e+00   3.46010847e-02
5.44000000e+00   3.41468232e-02
5.45000000e+00   3.36974782e-02
5.46000000e+00   3.32530130e-02
5.47000000e+00   3.28133913e-02
5.48000000e+00   3.23785764e-02
5.49000000e+00   3.19485320e-02
5.50000000e+00   3.15232214e-02
5.51000000e+00   3.11026083e-02
5.52000000e+00   3.06866564e-02
5.53000000e+00   3.02753291e-02
5.54000000e+00   2.98685903e-02
5.55000000e+00   2.94664035e-02
5.56000000e+00   2.90687327e-02
5.57000000e+00   2.86755417e-02
5.58000000e+00   2.82867943e-02
5.59000000e+00   2.79024545e-02
5.60000000e+00   2.75224863e-02
5.61000000e+00   2.71468539e-02
5.62000000e+00   2.67755214e-02
5.63000000e+00   2.64084530e-02
5.64000000e+00   2.60456132e-02
5.65000000e+00   2.56869663e-02
5.66000000e+00   2.53324768e-02
5.67000000e+00   2.49821095e-02
5.68000000e+00   2.46358288e-02
5.69000000e+00   2.42935998e-02
5.70000000e+00   2.39553873e-02
5.71000000e+00   2.36211562e-02
5.72000000e+00   2.32908719e-02
5.73000000e+00   2.29644994e-02
5.74000000e+00   2.26420041e-02
5.75000000e+00   2.23233516e-02
5.76000000e+00   2.20085074e-02
5.77000000e+00   2.16974373e-02
5.78000000e+00   2.13901071e-02
5.79000000e+00   2.10864827e-02
5.80000000e+00   2.07865304e-02
5.81000000e+00   2.04902164e-02
5.82000000e+00   2.01975070e-02
5.83000000e+00   1.99083688e-02
5.84000000e+00   1.96227684e-02
5.85000000e+00   1.93406727e-02
5.86000000e+00   1.90620487e-02
5.87000000e+00   1.87868635e-02
5.88000000e+00   1.85150842e-02
5.89000000e+00   1.82466784e-02
5.90000000e+00   1.79816137e-02
5.91000000e+00   1.77198577e-02
5.92000000e+00   1.74613783e-02
5.93000000e+00   1.72061437e-02
5.94000000e+00   1.69541220e-02
5.95000000e+00   1.67052815e-02
5.96000000e+00   1.64595910e-02
5.97000000e+00   1.62170190e-02
5.98000000e+00   1.59775345e-02
5.99000000e+00   1.57411065e-02
6.00000000e+00   1.55077042e-02
6.01000000e+00   1.52772971e-02
6.02000000e+00   1.50498547e-02
6.03000000e+00   1.48253468e-02
6.04000000e+00   1.46037433e-02
6.05000000e+00   1.43850144e-02
6.06000000e+00   1.41691302e-02
6.07000000e+00   1.39560614e-02
6.08000000e+00   1.37457785e-02
6.09000000e+00   1.35382524e-02
6.10000000e+00   1.33334541e-02
6.11000000e+00   1.31313548e-02
6.12000000e+00   1.29319259e-02
6.13000000e+00   1.27351390e-02
6.14000000e+00   1.25409659e-02
6.15000000e+00   1.23493785e-02
6.16000000e+00   1.21603489e-02
6.17000000e+00   1.19738496e-02
6.18000000e+00   1.17898529e-02
6.19000000e+00   1.16083317e-02
6.20000000e+00   1.14292588e-02
6.21000000e+00   1.12526074e-02
6.22000000e+00   1.10783507e-02
6.23000000e+00   1.09064622e-02
6.24000000e+00   1.07369155e-02
6.25000000e+00   1.05696847e-02
6.26000000e+00   1.04047436e-02
6.27000000e+00   1.02420666e-02
6.28000000e+00   1.00816281e-02
6.29000000e+00   9.92340282e-03
6.30000000e+00   9.76736551e-03
6.31000000e+00   9.61349122e-03
6.32000000e+00   9.46175519e-03
6.33000000e+00   9.31213284e-03
6.34000000e+00   9.16459979e-03
6.35000000e+00   9.01913183e-03
6.36000000e+00   8.87570498e-03
6.37000000e+00   8.73429543e-03
6.38000000e+00   8.59487957e-03
6.39000000e+00   8.45743400e-03
6.40000000e+00   8.32193549e-03
6.41000000e+00   8.18836101e-03
6.42000000e+00   8.05668773e-03
6.43000000e+00   7.92689301e-03
6.44000000e+00   7.79895440e-03
6.45000000e+00   7.67284966e-03
6.46000000e+00   7.54855670e-03
6.47000000e+00   7.42605367e-03
6.48000000e+00   7.30531888e-03
6.49000000e+00   7.18633085e-03
6.50000000e+00   7.06906827e-03
6.51000000e+00   6.95351004e-03
6.52000000e+00   6.83963523e-03
6.53000000e+00   6.72742313e-03
6.54000000e+00   6.61685318e-03
6.55000000e+00   6.50790503e-03
6.56000000e+00   6.40055852e-03
6.57000000e+00   6.29479366e-03
6.58000000e+00   6.19059067e-03
6.59000000e+00   6.08792993e-03
6.60000000e+00   5.98679203e-03
6.61000000e+00   5.88715771e-03
6.62000000e+00   5.78900794e-03
6.63000000e+00   5.69232382e-03
6.64000000e+00   5.59708669e-03
6.65000000e+00   5.50327801e-03
6.66000000e+00   5.41087947e-03
6.67000000e+00   5.31987292e-03
6.68000000e+00   5.23024038e-03
6.69000000e+00   5.14196406e-03
6.70000000e+00   5.05502635e-03
6.71000000e+00   4.96940981e-03
6.72000000e+00   4.88509717e-03
6.73000000e+00   4.80207136e-03
6.74000000e+00   4.72031545e-03
6.75000000e+00   4.63981270e-03
6.76000000e+00   4.56054655e-03
6.77000000e+00   4.48250059e-03
6.78000000e+00   4.40565860e-03
6.79000000e+00   4.33000452e-03
6.80000000e+00   4.25552246e-03
6.81000000e+00   4.18219669e-03
6.82000000e+00   4.11001167e-03
6.83000000e+00   4.03895200e-03
6.84000000e+00   3.96900246e-03
6.85000000e+00   3.90014798e-03
6.86000000e+00   3.83237366e-03
6.87000000e+00   3.76566476e-03
6.88000000e+00   3.70000671e-03
6.89000000e+00   3.63538509e-03
6.90000000e+00   3.57178563e-03
6.91000000e+00   3.50919424e-03
6.92000000e+00   3.44759697e-03
6.93000000e+00   3.38698002e-03
6.94000000e+00   3.32732977e-03
6.95000000e+00   3.26863272e-03
6.96000000e+00   3.21087554e-03
6.97000000e+00   3.15404507e-03
6.98000000e+00   3.09812825e-03
6.99000000e+00   3.04311222e-03
7.00000000e+00   2.98898424e-03
7.01000000e+00   2.93573172e-03
7.02000000e+00   2.88334222e-03
7.03000000e+00   2.83180344e-03
7.04000000e+00   2.78110324e-03
7.05000000e+00   2.73122959e-03
7.06000000e+00   2.68217064e-03
7.07000000e+00   2.63391465e-03
7.08000000e+00   2.58645002e-03
7.09000000e+00   2.53976532e-03
7.10000000e+00   2.49384921e-03
7.11000000e+00   2.44869053e-03
7.12000000e+00   2.40427823e-03
7.13000000e+00   2.36060139e-03
7.14000000e+00   2.31764924e-03
7.15000000e+00   2.27541112e-03
7.16000000e+00   2.23387652e-03
7.17000000e+00   2.19303506e-03
7.18000000e+00   2.15287646e-03
7.19000000e+00   2.11339061e-03
7.20000000e+00   2.07456748e-03
7.21000000e+00   2.03639719e-03
7.22000000e+00   1.99886999e-03
7.23000000e+00   1.96197623e-03
7.24000000e+00   1.92570641e-03
7.25000000e+00   1.89005112e-03
7.26000000e+00   1.85500109e-03
7.27000000e+00   1.82054716e-03
7.28000000e+00   1.78668029e-03
7.29000000e+00   1.75339154e-03
7.30000000e+00   1.72067212e-03
7.31000000e+00   1.68851332e-03
7.32000000e+00   1.65690656e-03
7.33000000e+00   1.62584337e-03
7.34000000e+00   1.59531538e-03
7.35000000e+00   1.56531433e-03
7.36000000e+00   1.53583209e-03
7.37000000e+00   1.50686062e-03
7.38000000e+00   1.47839198e-03
7.39000000e+00   1.45041834e-03
7.40000000e+00   1.42293199e-03
7.41000000e+00   1.39592531e-03
7.42000000e+00   1.36939078e-03
7.43000000e+00   1.34332097e-03
7.44000000e+00   1.31770859e-03
7.45000000e+00   1.29254640e-03
7.46000000e+00   1.26782729e-03
7.47000000e+00   1.24354423e-03
7.48000000e+00   1.21969030e-03
7.49000000e+00   1.19625866e-03
7.50000000e+00   1.17324259e-03
7.51000000e+00   1.15063542e-03
7.52000000e+00   1.12843061e-03
7.53000000e+00   1.10662169e-03
7.54000000e+00   1.08520230e-03
7.55000000e+00   1.06416614e-03
7.56000000e+00   1.04350702e-03
7.57000000e+00   1.02321883e-03
7.58000000e+00   1.00329554e-03
7.59000000e+00   9.83731224e-04
7.60000000e+00   9.64520019e-04
7.61000000e+00   9.45656155e-04
7.62000000e+00   9.27133943e-04
7.63000000e+00   9.08947774e-04
7.64000000e+00   8.91092120e-04
7.65000000e+00   8.73561532e-04
7.66000000e+00   8.56350642e-04
7.67000000e+00   8.39454155e-04
7.68000000e+00   8.22866856e-04
7.69000000e+00   8.06583605e-04
7.70000000e+00   7.90599337e-04
7.71000000e+00   7.74909060e-04
7.72000000e+00   7.59507856e-04
7.73000000e+00   7.44390880e-04
7.74000000e+00   7.29553355e-04
7.75000000e+00   7.14990580e-04
7.76000000e+00   7.00697918e-04
7.77000000e+00   6.86670804e-04
7.78000000e+00   6.72904741e-04
7.79000000e+00   6.59395299e-04
7.80000000e+00   6.46138112e-04
7.81000000e+00   6.33128883e-04
7.82000000e+00   6.20363378e-04
7.83000000e+00   6.07837426e-04
7.84000000e+00   5.95546921e-04
7.85000000e+00   5.83487818e-04
7.86000000e+00   5.71656133e-04
7.87000000e+00   5.60047946e-04
7.88000000e+00   5.48659393e-04
7.89000000e+00   5.37486670e-04
7.90000000e+00   5.26526035e-04
7.91000000e+00   5.15773799e-04
7.92000000e+00   5.05226332e-04
7.93000000e+00   4.94880061e-04
7.94000000e+00   4.84731467e-04
7.95000000e+00   4.74777088e-04
7.96000000e+00   4.65013513e-04
7.97000000e+00   4.55437387e-04
7.98000000e+00   4.46045405e-04
7.99000000e+00   4.36834318e-04
8.00000000e+00   4.27800923e-04
8.01000000e+00   4.18942073e-04
8.02000000e+00   4.10254666e-04
8.03000000e+00   4.01735653e-04
8.04000000e+00   3.93382032e-04
8.05000000e+00   3.85190848e-04
8.06000000e+00   3.77159195e-04
8.07000000e+00   3.69284212e-04
8.08000000e+00   3.61563087e-04
8.09000000e+00   3.53993049e-04
8.10000000e+00   3.46571375e-04
8.11000000e+00   3.39295384e-04
8.12000000e+00   3.32162441e-04
8.13000000e+00   3.25169952e-04
8.14000000e+00   3.18315365e-04
8.15000000e+00   3.11596171e-04
8.16000000e+00   3.05009901e-04
8.17000000e+00   2.98554128e-04
8.18000000e+00   2.92226464e-04
8.19000000e+00   2.86024559e-04
8.20000000e+00   2.79946106e-04
8.21000000e+00   2.73988831e-04
8.22000000e+00   2.68150501e-04
8.23000000e+00   2.62428921e-04
8.24000000e+00   2.56821929e-04
8.25000000e+00   2.51327403e-04
8.26000000e+00   2.45943254e-04
8.27000000e+00   2.40667429e-04
8.28000000e+00   2.35497910e-04
8.29000000e+00   2.30432713e-04
8.30000000e+00   2.25469887e-04
8.31000000e+00   2.20607513e-04
8.32000000e+00   2.15843707e-04
8.33000000e+00   2.11176616e-04
8.34000000e+00   2.06604419e-04
8.35000000e+00   2.02125325e-04
8.36000000e+00   1.97737574e-04
8.37000000e+00   1.93439438e-04
8.38000000e+00   1.89229216e-04
8.39000000e+00   1.85105239e-04
8.40000000e+00   1.81065865e-04
8.41000000e+00   1.77109481e-04
8.42000000e+00   1.73234503e-04
8.43000000e+00   1.69439373e-04
8.44000000e+00   1.65722560e-04
8.45000000e+00   1.62082562e-04
8.46000000e+00   1.58517901e-04
8.47000000e+00   1.55027126e-04
8.48000000e+00   1.51608811e-04
8.49000000e+00   1.48261557e-04
8.50000000e+00   1.44983986e-04
8.51000000e+00   1.41774748e-04
8.52000000e+00   1.38632516e-04
8.53000000e+00   1.35555984e-04
8.54000000e+00   1.32543873e-04
8.55000000e+00   1.29594925e-04
8.56000000e+00   1.26707904e-04
8.57000000e+00   1.23881598e-04
8.58000000e+00   1.21114814e-04
8.59000000e+00   1.18406383e-04
8.60000000e+00   1.15755155e-04
8.61000000e+00   1.13160004e-04
8.62000000e+00   1.10619820e-04
8.63000000e+00   1.08133517e-04
8.64000000e+00   1.05700027e-04
8.65000000e+00   1.03318300e-04
8.66000000e+00   1.00987308e-04
8.67000000e+00   9.87060405e-05
8.68000000e+00   9.64735051e-05
8.69000000e+00   9.42887282e-05
8.70000000e+00   9.21507539e-05
8.71000000e+00   9.00586439e-05
8.72000000e+00   8.80114773e-05
8.73000000e+00   8.60083502e-05
8.74000000e+00   8.40483754e-05
8.75000000e+00   8.21306822e-05
8.76000000e+00   8.02544162e-05
8.77000000e+00   7.84187388e-05
8.78000000e+00   7.66228271e-05
8.79000000e+00   7.48658736e-05
8.80000000e+00   7.31470859e-05
8.81000000e+00   7.14656866e-05
8.82000000e+00   6.98209127e-05
8.83000000e+00   6.82120159e-05
8.84000000e+00   6.66382617e-05
8.85000000e+00   6.50989298e-05
8.86000000e+00   6.35933134e-05
8.87000000e+00   6.21207191e-05
8.88000000e+00   6.06804668e-05
8.89000000e+00   5.92718893e-05
8.90000000e+00   5.78943322e-05
8.91000000e+00   5.65471535e-05
8.92000000e+00   5.52297236e-05
8.93000000e+00   5.39414250e-05
8.94000000e+00   5.26816521e-05
8.95000000e+00   5.14498109e-05
8.96000000e+00   5.02453190e-05
8.97000000e+00   4.90676050e-05
8.98000000e+00   4.79161090e-05
8.99000000e+00   4.67902815e-05
9.00000000e+00   4.56895841e-05
9.01000000e+00   4.46134886e-05
9.02000000e+00   4.35614773e-05
9.03000000e+00   4.25330426e-05
9.04000000e+00   4.15276866e-05
9.05000000e+00   4.05449216e-05
9.06000000e+00   3.95842691e-05
9.07000000e+00   3.86452602e-05
9.08000000e+00   3.77274354e-05
9.09000000e+00   3.68303439e-05
9.10000000e+00   3.59535443e-05
9.11000000e+00   3.50966035e-05
9.12000000e+00   3.42590973e-05
9.13000000e+00   3.34406099e-05
9.14000000e+00   3.26407337e-05
9.15000000e+00   3.18590693e-05
9.16000000e+00   3.10952253e-05
9.17000000e+00   3.03488182e-05
9.18000000e+00   2.96194720e-05
9.19000000e+00   2.89068185e-05
9.20000000e+00   2.82104968e-05
9.21000000e+00   2.75301533e-05
9.22000000e+00   2.68654415e-05
9.23000000e+00   2.62160220e-05
9.24000000e+00   2.55815624e-05
9.25000000e+00   2.49617367e-05
9.26000000e+00   2.43562258e-05
9.27000000e+00   2.37647172e-05
9.28000000e+00   2.31869044e-05
9.29000000e+00   2.26224876e-05
9.30000000e+00   2.20711729e-05
9.31000000e+00   2.15326725e-05
9.32000000e+00   2.10067044e-05
9.33000000e+00   2.04929927e-05
9.34000000e+00   1.99912668e-05
9.35000000e+00   1.95012620e-05
9.36000000e+00   1.90227190e-05
9.37000000e+00   1.85553838e-05
9.38000000e+00   1.80990078e-05
9.39000000e+00   1.76533474e-05
9.40000000e+00   1.72181642e-05
9.41000000e+00   1.67932247e-05
9.42000000e+00   1.63783005e-05
9.43000000e+00   1.59731677e-05
9.44000000e+00   1.55776071e-05
9.45000000e+00   1.51914044e-05
9.46000000e+00   1.48143495e-05
9.47000000e+00   1.44462370e-05
9.48000000e+00   1.40868654e-05
9.49000000e+00   1.37360380e-05
9.50000000e+00   1.33935619e-05
9.51000000e+00   1.30592485e-05
9.52000000e+00   1.27329129e-05
9.53000000e+00   1.24143745e-05
9.54000000e+00   1.21034564e-05
9.55000000e+00   1.17999853e-05
9.56000000e+00   1.15037920e-05
9.57000000e+00   1.12147105e-05
9.58000000e+00   1.09325786e-05
9.59000000e+00   1.06572375e-05
9.60000000e+00   1.03885320e-05
9.61000000e+00   1.01263099e-05
9.62000000e+00   9.87042263e-06
9.63000000e+00   9.62072459e-06
9.64000000e+00   9.37707345e-06
9.65000000e+00   9.13932993e-06
9.66000000e+00   8.90735777e-06
9.67000000e+00   8.68102370e-06
9.68000000e+00   8.46019732e-06
9.69000000e+00   8.24475109e-06
9.70000000e+00   8.03456027e-06
9.71000000e+00   7.82950282e-06
9.72000000e+00   7.62945939e-06
9.73000000e+00   7.43431326e-06
9.74000000e+00   7.24395025e-06
9.75000000e+00   7.05825871e-06
9.76000000e+00   6.87712945e-06
9.77000000e+00   6.70045569e-06
9.78000000e+00   6.52813302e-06
9.79000000e+00   6.36005931e-06
9.80000000e+00   6.19613474e-06
9.81000000e+00   6.03626167e-06
9.82000000e+00   5.88034465e-06
9.83000000e+00   5.72829036e-06
9.84000000e+00   5.58000755e-06
9.85000000e+00   5.43540701e-06
9.86000000e+00   5.29440154e-06
9.87000000e+00   5.15690589e-06
9.88000000e+00   5.02283669e-06
9.89000000e+00   4.89211250e-06
9.90000000e+00   4.76465368e-06
9.91000000e+00   4.64038238e-06
9.92000000e+00   4.51922253e-06
9.93000000e+00   4.40109975e-06
9.94000000e+00   4.28594138e-06
9.95000000e+00   4.17367638e-06
9.96000000e+00   4.06423534e-06
9.97000000e+00   3.95755041e-06
9.98000000e+00   3.85355531e-06
9.99000000e+00   3.75218524e-06
1.00000000e+01   3.65337691e-06
1.00100000e+01   3.55706846e-06
1.00200000e+01   3.46319946e-06
1.00300000e+01   3.37171084e-06
1.00400000e+01   3.28254492e-06
1.00500000e+01   3.19564533e-06
1.00600000e+01   3.11095699e-06
1.00700000e+01   3.02842611e-06
1.00800000e+01   2.94800012e-06
1.00900000e+01   2.86962770e-06
1.01000000e+01   2.79325868e-06
1.01100000e+01   2.71884408e-06
1.01200000e+01   2.64633605e-06
1.01300000e+01   2.57568785e-06
1.01400000e+01   2.50685383e-06
1.01500000e+01   2.43978940e-06
1.01600000e+01   2.37445104e-06
1.01700000e+01   2.31079620e-06
1.01800000e+01   2.24878337e-06
1.01900000e+01   2.18837200e-06
1.02000000e+01   2.12952247e-06
1.02100000e+01   2.07219613e-06
1.02200000e+01   2.01635521e-06
1.02300000e+01   1.96196285e-06
1.02400000e+01   1.90898305e-06
1.02500000e+01   1.85738066e-06
1.02600000e+01   1.80712138e-06
1.02700000e+01   1.75817170e-06
1.02800000e+01   1.71049892e-06
1.02900000e+01   1.66407112e-06
1.03000000e+01   1.61885712e-06
1.03100000e+01   1.57482651e-06
1.03200000e+01   1.53194960e-06
1.03300000e+01   1.49019739e-06
1.03400000e+01   1.44954159e-06
1.03500000e+01   1.40995460e-06
1.03600000e+01   1.37140945e-06
1.03700000e+01   1.33387986e-06
1.03800000e+01   1.29734015e-06
1.03900000e+01   1.26176526e-06
1.04000000e+01   1.22713076e-06
1.04100000e+01   1.19341279e-06
1.04200000e+01   1.16058806e-06
1.04300000e+01   1.12863388e-06
1.04400000e+01   1.09752807e-06
1.04500000e+01   1.06724901e-06
1.04600000e+01   1.03777560e-06
1.04700000e+01   1.00908727e-06
1.04800000e+01   9.81163919e-07
1.04900000e+01   9.53985967e-07
1.05000000e+01   9.27534300e-07
1.05100000e+01   9.01790273e-07
1.05200000e+01   8.76735699e-07
1.05300000e+01   8.52352840e-07
1.05400000e+01   8.28624389e-07
1.05500000e+01   8.05533470e-07
1.05600000e+01   7.83063621e-07
1.05700000e+01   7.61198785e-07
1.05800000e+01   7.39923303e-07
1.05900000e+01   7.19221905e-07
1.06000000e+01   6.99079697e-07
1.06100000e+01   6.79482155e-07
1.06200000e+01   6.60415117e-07
1.06300000e+01   6.41864772e-07
1.06400000e+01   6.23817654e-07
1.06500000e+01   6.06260631e-07
1.06600000e+01   5.89180901e-07
1.06700000e+01   5.72565981e-07
1.06800000e+01   5.56403700e-07
1.06900000e+01   5.40682193e-07
1.07000000e+01   5.25389893e-07
1.07100000e+01   5.10515523e-07
1.07200000e+01   4.96048089e-07
1.07300000e+01   4.81976875e-07
1.07400000e+01   4.68291434e-07
1.07500000e+01   4.54981586e-07
1.07600000e+01   4.42037405e-07
1.07700000e+01   4.29449217e-07
1.07800000e+01   4.17207594e-07
1.07900000e+01   4.05303347e-07
1.08000000e+01   3.93727522e-07
1.08100000e+01   3.82471389e-07
1.08200000e+01   3.71526444e-07
1.08300000e+01   3.60884398e-07
1.08400000e+01   3.50537176e-07
1.08500000e+01   3.40476906e-07
1.08600000e+01   3.30695919e-07
1.08700000e+01   3.21186745e-07
1.08800000e+01   3.11942102e-07
1.08900000e+01   3.02954898e-07
1.09000000e+01   2.94218221e-07
1.09100000e+01   2.85725338e-07
1.09200000e+01   2.77469691e-07
1.09300000e+01   2.69444890e-07
1.09400000e+01   2.61644710e-07
1.09500000e+01   2.54063089e-07
1.09600000e+01   2.46694118e-07
1.09700000e+01   2.39532046e-07
1.09800000e+01   2.32571269e-07
1.09900000e+01   2.25806329e-07
1.10000000e+01   2.19231911e-07
1.10100000e+01   2.12842836e-07
1.10200000e+01   2.06634064e-07
1.10300000e+01   2.00600684e-07
1.10400000e+01   1.94737915e-07
1.10500000e+01   1.89041099e-07
1.10600000e+01   1.83505703e-07
1.10700000e+01   1.78127311e-07
1.10800000e+01   1.72901625e-07
1.10900000e+01   1.67824458e-07
1.11000000e+01   1.62891735e-07
1.11100000e+01   1.58099487e-07
1.11200000e+01   1.53443851e-07
1.11300000e+01   1.48921067e-07
1.11400000e+01   1.44527472e-07
1.11500000e+01   1.40259502e-07
1.11600000e+01   1.36113688e-07
1.11700000e+01   1.32086651e-07
1.11800000e+01   1.28175104e-07
1.11900000e+01   1.24375847e-07
1.12000000e+01   1.20685764e-07
1.12100000e+01   1.17101825e-07
1.12200000e+01   1.13621078e-07
1.12300000e+01   1.10240652e-07
1.12400000e+01   1.06957752e-07
1.12500000e+01   1.03769658e-07
1.12600000e+01   1.00673723e-07
1.12700000e+01   9.76673721e-08
1.12800000e+01   9.47480984e-08
1.12900000e+01   9.19134634e-08
1.13000000e+01   8.91610939e-08
1.13100000e+01   8.64886812e-08
1.13200000e+01   8.38939788e-08
1.13300000e+01   8.13748011e-08
1.13400000e+01   7.89290216e-08
1.13500000e+01   7.65545716e-08
1.13600000e+01   7.42494385e-08
1.13700000e+01   7.20116647e-08
1.13800000e+01   6.98393456e-08
1.13900000e+01   6.77306286e-08
1.14000000e+01   6.56837117e-08
1.14100000e+01   6.36968420e-08
1.14200000e+01   6.17683148e-08
1.14300000e+01   5.98964718e-08
1.14400000e+01   5.80797003e-08
1.14500000e+01   5.63164317e-08
1.14600000e+01   5.46051408e-08
1.14700000e+01   5.29443440e-08
1.14800000e+01   5.13325988e-08
1.14900000e+01   4.97685024e-08
1.15000000e+01   4.82506906e-08
1.15100000e+01   4.67778369e-08
1.15200000e+01   4.53486518e-08
1.15300000e+01   4.39618810e-08
1.15400000e+01   4.26163054e-08
1.15500000e+01   4.13107395e-08
1.15600000e+01   4.00440308e-08
1.15700000e+01   3.88150588e-08
1.15800000e+01   3.76227344e-08
1.15900000e+01   3.64659985e-08
1.16000000e+01   3.53438218e-08
1.16100000e+01   3.42552038e-08
1.16200000e+01   3.31991717e-08
1.16300000e+01   3.21747804e-08
1.16400000e+01   3.11811107e-08
1.16500000e+01   3.02172697e-08
1.16600000e+01   2.92823893e-08
1.16700000e+01   2.83756259e-08
1.16800000e+01   2.74961596e-08
1.16900000e+01   2.66431937e-08
1.17000000e+01   2.58159538e-08
1.17100000e+01   2.50136876e-08
1.17200000e+01   2.42356639e-08
1.17300000e+01   2.34811722e-08
1.17400000e+01   2.27495222e-08
1.17500000e+01   2.20400432e-08
1.17600000e+01   2.13520834e-08
1.17700000e+01   2.06850097e-08
1.17800000e+01   2.00382069e-08
1.17900000e+01   1.94110774e-08
1.18000000e+01   1.88030406e-08
1.18100000e+01   1.82135325e-08
1.18200000e+01   1.76420051e-08
1.18300000e+01   1.70879262e-08
1.18400000e+01   1.65507788e-08
1.18500000e+01   1.60300609e-08
1.18600000e+01   1.55252845e-08
1.18700000e+01   1.50359761e-08
1.18800000e+01   1.45616754e-08
1.18900000e+01   1.41019356e-08
1.19000000e+01   1.36563227e-08
1.19100000e+01   1.32244152e-08
1.19200000e+01   1.28058039e-08
1.19300000e+01   1.24000912e-08
1.19400000e+01   1.20068913e-08
1.19500000e+01   1.16258293e-08
1.19600000e+01   1.12565413e-08
1.19700000e+01   1.08986741e-08
1.19800000e+01   1.05518845e-08
1.19900000e+01   1.02158394e-08
1.20000000e+01   9.89021547e-09
1.20100000e+01   9.57469873e-09
1.20200000e+01   9.26898439e-09
1.20300000e+01   8.97277656e-09
1.20400000e+01   8.68578800e-09
1.20500000e+01   8.40773988e-09
1.20600000e+01   8.13836154e-09
1.20700000e+01   7.87739028e-09
1.20800000e+01   7.62457109e-09
1.20900000e+01   7.37965646e-09
1.21000000e+01   7.14240619e-09
1.21100000e+01   6.91258712e-09
1.21200000e+01   6.68997298e-09
1.21300000e+01   6.47434420e-09
1.21400000e+01   6.26548766e-09
1.21500000e+01   6.06319658e-09
1.21600000e+01   5.86727028e-09
1.21700000e+01   5.67751403e-09
1.21800000e+01   5.49373889e-09
1.21900000e+01   5.31576151e-09
1.22000000e+01   5.14340403e-09
1.22100000e+01   4.97649384e-09
1.22200000e+01   4.81486350e-09
1.22300000e+01   4.65835055e-09
1.22400000e+01   4.50679738e-09
1.22500000e+01   4.36005110e-09
1.22600000e+01   4.21796339e-09
1.22700000e+01   4.08039037e-09
1.22800000e+01   3.94719246e-09
1.22900000e+01   3.81823428e-09
1.23000000e+01   3.69338453e-09
1.23100000e+01   3.57251582e-09
1.23200000e+01   3.45550463e-09
1.23300000e+01   3.34223113e-09
1.23400000e+01   3.23257914e-09
1.23500000e+01   3.12643595e-09
1.23600000e+01   3.02369228e-09
1.23700000e+01   2.92424215e-09
1.23800000e+01   2.82798277e-09
1.23900000e+01   2.73481449e-09
1.24000000e+01   2.64464066e-09
1.24100000e+01   2.55736759e-09
1.24200000e+01   2.47290443e-09
1.24300000e+01   2.39116307e-09
1.24400000e+01   2.31205811e-09
1.24500000e+01   2.23550675e-09
1.24600000e+01   2.16142871e-09
1.24700000e+01   2.08974616e-09
1.24800000e+01   2.02038365e-09
1.24900000e+01   1.95326805e-09
1.25000000e+01   1.88832846e-09
1.25100000e+01   1.82549616e-09
1.25200000e+01   1.76470452e-09
1.25300000e+01   1.70588900e-09
1.25400000e+01   1.64898699e-09
1.25500000e+01   1.59393786e-09
1.25600000e+01   1.54068280e-09
1.25700000e+01   1.48916485e-09
1.25800000e+01   1.43932880e-09
1.25900000e+01   1.39112114e-09
1.26000000e+01   1.34449001e-09
1.26100000e+01   1.29938517e-09
1.26200000e+01   1.25575792e-09
1.26300000e+01   1.21356110e-09
1.26400000e+01   1.17274898e-09
1.26500000e+01   1.13327727e-09
1.26600000e+01   1.09510305e-09
1.26700000e+01   1.05818476e-09
1.26800000e+01   1.02248210e-09
1.26900000e+01   9.87956043e-10
1.27000000e+01   9.54568792e-10
1.27100000e+01   9.22283720e-10
1.27200000e+01   8.91065345e-10
1.27300000e+01   8.60879302e-10
1.27400000e+01   8.31692300e-10
1.27500000e+01   8.03472093e-10
1.27600000e+01   7.76187449e-10
1.27700000e+01   7.49808118e-10
1.27800000e+01   7.24304800e-10
1.27900000e+01   6.99649120e-10
1.28000000e+01   6.75813597e-10
1.28100000e+01   6.52771618e-10
1.28200000e+01   6.30497409e-10
1.28300000e+01   6.08966012e-10
1.28400000e+01   5.88153260e-10
1.28500000e+01   5.68035749e-10
1.28600000e+01   5.48590820e-10
1.28700000e+01   5.29796531e-10
1.28800000e+01   5.11631637e-10
1.28900000e+01   4.94075571e-10
1.29000000e+01   4.77108418e-10
1.29100000e+01   4.60710898e-10
1.29200000e+01   4.44864347e-10
1.29300000e+01   4.29550695e-10
1.29400000e+01   4.14752451e-10
1.29500000e+01   4.00452682e-10
1.29600000e+01   3.86634997e-10
1.29700000e+01   3.73283531e-10
1.29800000e+01   3.60382927e-10
1.29900000e+01   3.47918321e-10
1.30000000e+01   3.35875327e-10
1.30100000e+01   3.24240020e-10
1.30200000e+01   3.12998925e-10
1.30300000e+01   3.02139001e-10
1.30400000e+01   2.91647625e-10
1.30500000e+01   2.81512585e-10
1.30600000e+01   2.71722061e-10
1.30700000e+01   2.62264616e-10
1.30800000e+01   2.53129182e-10
1.30900000e+01   2.44305052e-10
1.31000000e+01   2.35781863e-10
1.31100000e+01   2.27549591e-10
1.31200000e+01   2.19598536e-10
1.31300000e+01   2.11919314e-10
1.31400000e+01   2.04502845e-10
1.31500000e+01   1.97340348e-10
1.31600000e+01   1.90423324e-10
1.31700000e+01   1.83743555e-10
1.31800000e+01   1.77293089e-10
1.31900000e+01   1.71064234e-10
1.32000000e+01   1.65049551e-10
1.32100000e+01   1.59241844e-10
1.32200000e+01   1.53634153e-10
1.32300000e+01   1.48219746e-10
1.32400000e+01   1.42992112e-10
1.32500000e+01   1.37944953e-10
1.32600000e+01   1.33072181e-10
1.32700000e+01   1.28367906e-10
1.32800000e+01   1.23826433e-10
1.32900000e+01   1.19442254e-10
1.33000000e+01   1.15210044e-10
1.33100000e+01   1.11124653e-10
1.33200000e+01   1.07181103e-10
1.33300000e+01   1.03374577e-10
1.33400000e+01   9.97004222e-11
1.33500000e+01   9.61541369e-11
1.33600000e+01   9.27313702e-11
1.33700000e+01   8.94279151e-11
1.33800000e+01   8.62397049e-11
1.33900000e+01   8.31628079e-11
1.34000000e+01   8.01934236e-11
1.34100000e+01   7.73278780e-11
1.34200000e+01   7.45626199e-11
1.34300000e+01   7.18942163e-11
1.34400000e+01   6.93193494e-11
1.34500000e+01   6.68348120e-11
1.34600000e+01   6.44375046e-11
1.34700000e+01   6.21244313e-11
1.34800000e+01   5.98926968e-11
1.34900000e+01   5.77395031e-11
1.35000000e+01   5.56621461e-11
1.35100000e+01   5.36580126e-11
1.35200000e+01   5.17245774e-11
1.35300000e+01   4.98594003e-11
1.35400000e+01   4.80601235e-11
1.35500000e+01   4.63244688e-11
1.35600000e+01   4.46502347e-11
1.35700000e+01   4.30352943e-11
1.35800000e+01   4.14775928e-11
1.35900000e+01   3.99751446e-11
1.36000000e+01   3.85260317e-11
1.36100000e+01   3.71284010e-11
1.36200000e+01   3.57804626e-11
1.36300000e+01   3.44804870e-11
1.36400000e+01   3.32268037e-11
1.36500000e+01   3.20177993e-11
1.36600000e+01   3.08519151e-11
1.36700000e+01   2.97276454e-11
1.36800000e+01   2.86435364e-11
1.36900000e+01   2.75981834e-11
1.37000000e+01   2.65902300e-11
1.37100000e+01   2.56183663e-11
1.37200000e+01   2.46813270e-11
1.37300000e+01   2.37778904e-11
1.37400000e+01   2.29068765e-11
1.37500000e+01   2.20671460e-11
1.37600000e+01   2.12575985e-11
1.37700000e+01   2.04771718e-11
1.37800000e+01   1.97248400e-11
1.37900000e+01   1.89996125e-11
1.38000000e+01   1.83005331e-11
1.38100000e+01   1.76266783e-11
1.38200000e+01   1.69771568e-11
1.38300000e+01   1.63511078e-11
1.38400000e+01   1.57477005e-11
1.38500000e+01   1.51661328e-11
1.38600000e+01   1.46056304e-11
1.38700000e+01   1.40654457e-11
1.38800000e+01   1.35448574e-11
1.38900000e+01   1.30431690e-11
1.39000000e+01   1.25597082e-11
1.39100000e+01   1.20938262e-11
1.39200000e+01   1.16448967e-11
1.39300000e+01   1.12123153e-11
1.39400000e+01   1.07954988e-11
1.39500000e+01   1.03938840e-11
1.39600000e+01   1.00069279e-11
1.39700000e+01   9.63410594e-12
1.39800000e+01   9.27491233e-12
1.39900000e+01   8.92885883e-12
1.40000000e+01   8.59547433e-12
1.40100000e+01   8.27430426e-12
1.40200000e+01   7.96491003e-12
1.40300000e+01   7.66686843e-12
1.40400000e+01   7.37977118e-12
1.40500000e+01   7.10322433e-12
1.40600000e+01   6.83684785e-12
1.40700000e+01   6.58027509e-12
1.40800000e+01   6.33315233e-12
1.40900000e+01   6.09513838e-12
1.41000000e+01   5.86590406e-12
1.41100000e+01   5.64513189e-12
1.41200000e+01   5.43251560e-12
1.41300000e+01   5.22775978e-12
1.41400000e+01   5.03057950e-12
1.41500000e+01   4.84069993e-12
1.41600000e+01   4.65785602e-12
1.41700000e+01   4.48179215e-12
1.41800000e+01   4.31226177e-12
1.41900000e+01   4.14902713e-12
1.42000000e+01   3.99185895e-12
1.42100000e+01   3.84053612e-12
1.42200000e+01   3.69484543e-12
1.42300000e+01   3.55458130e-12
1.42400000e+01   3.41954547e-12
1.42500000e+01   3.28954680e-12
1.42600000e+01   3.16440100e-12
1.42700000e+01   3.04393035e-12
1.42800000e+01   2.92796356e-12
1.42900000e+01   2.81633543e-12
1.43000000e+01   2.70888674e-12
1.43100000e+01   2.60546398e-12
1.43200000e+01   2.50591917e-12
1.43300000e+01   2.41010964e-12
1.43400000e+01   2.31789789e-12
1.43500000e+01   2.22915136e-12
1.43600000e+01   2.14374229e-12
1.43700000e+01   2.06154753e-12
1.43800000e+01   1.98244838e-12
1.43900000e+01   1.90633044e-12
1.44000000e+01   1.83308346e-12
1.44100000e+01   1.76260117e-12
1.44200000e+01   1.69478117e-12
1.44300000e+01   1.62952477e-12
1.44400000e+01   1.56673687e-12
1.44500000e+01   1.50632583e-12
1.44600000e+01   1.44820334e-12
1.44700000e+01   1.39228431e-12
1.44800000e+01   1.33848674e-12
1.44900000e+01   1.28673164e-12
1.45000000e+01   1.23694290e-12
1.45100000e+01   1.18904718e-12
1.45200000e+01   1.14297382e-12
1.45300000e+01   1.09865477e-12
1.45400000e+01   1.05602444e-12
1.45500000e+01   1.01501967e-12
1.45600000e+01   9.75579605e-13
1.45700000e+01   9.37645624e-13
1.45800000e+01   9.01161262e-13
1.45900000e+01   8.66072131e-13
1.46000000e+01   8.32325841e-13
1.46100000e+01   7.99871935e-13
1.46200000e+01   7.68661813e-13
1.46300000e+01   7.38648668e-13
1.46400000e+01   7.09787422e-13
1.46500000e+01   6.82034662e-13
1.46600000e+01   6.55348577e-13
1.46700000e+01   6.29688908e-13
1.46800000e+01   6.05016882e-13
1.46900000e+01   5.81295166e-13
1.47000000e+01   5.58487809e-13
1.47100000e+01   5.36560197e-13
1.47200000e+01   5.15479000e-13
1.47300000e+01   4.95212126e-13
1.47400000e+01   4.75728679e-13
1.47500000e+01   4.56998913e-13
1.47600000e+01   4.38994187e-13
1.47700000e+01   4.21686932e-13
1.47800000e+01   4.05050606e-13
1.47900000e+01   3.89059658e-13
1.48000000e+01   3.73689493e-13
1.48100000e+01   3.58916434e-13
1.48200000e+01   3.44717692e-13
1.48300000e+01   3.31071330e-13
1.48400000e+01   3.17956236e-13
1.48500000e+01   3.05352087e-13
1.48600000e+01   2.93239325e-13
1.48700000e+01   2.81599126e-13
1.48800000e+01   2.70413374e-13
1.48900000e+01   2.59664635e-13
1.49000000e+01   2.49336131e-13
1.49100000e+01   2.39411718e-13
1.49200000e+01   2.29875858e-13
1.49300000e+01   2.20713602e-13
1.49400000e+01   2.11910564e-13
1.49500000e+01   2.03452904e-13
1.49600000e+01   1.95327303e-13
1.49700000e+01   1.87520947e-13
1.49800000e+01   1.80021510e-13
1.49900000e+01   1.72817130e-13
1.50000000e+01   1.65896396e-13
