0.00000000e+00   0.00000000e+00
1.00000000e-02   7.96431072e-04
2.00000000e-02   1.59282392e-03
3.00000000e-02   2.38914031e-03
4.00000000e-02   3.18534203e-03
5.00000000e-02   3.98139086e-03
6.00000000e-02   4.77724862e-03
7.00000000e-02   5.57287711e-03
8.00000000e-02   6.36823818e-03
9.00000000e-02   7.16329367e-03
1.00000000e-01   7.95800549e-03
1.10000000e-01   8.75233552e-03
1.20000000e-01   9.54624571e-03
1.30000000e-01   1.03396980e-02
1.40000000e-01   1.11326545e-02
1.50000000e-01   1.19250772e-02
1.60000000e-01   1.27169281e-02
1.70000000e-01   1.35081695e-02
1.80000000e-01   1.42987635e-02
1.90000000e-01   1.50886724e-02
2.00000000e-01   1.58778583e-02
2.10000000e-01   1.66662838e-02
2.20000000e-01   1.74539112e-02
2.30000000e-01   1.82407030e-02
2.40000000e-01   1.90266217e-02
2.50000000e-01   1.98116299e-02
2.60000000e-01   2.05956903e-02
2.70000000e-01   2.13787657e-02
2.80000000e-01   2.21608190e-02
2.90000000e-01   2.29418129e-02
3.00000000e-01   2.37217106e-02
3.10000000e-01   2.45004752e-02
3.20000000e-01   2.52780697e-02
3.30000000e-01   2.60544576e-02
3.40000000e-01   2.68296021e-02
3.50000000e-01   2.76034667e-02
3.60000000e-01   2.83760150e-02
3.70000000e-01   2.91472107e-02
3.80000000e-01   2.99170176e-02
3.90000000e-01   3.06853995e-02
4.00000000e-01   3.14523204e-02
4.10000000e-01   3.22177446e-02
4.20000000e-01   3.29816362e-02
4.30000000e-01   3.37439595e-02
4.40000000e-01   3.45046791e-02
4.50000000e-01   3.52637597e-02
4.60000000e-01   3.60211658e-02
4.70000000e-01   3.67768625e-02
4.80000000e-01   3.75308146e-02
4.90000000e-01   3.82829875e-02
5.00000000e-01   3.90333463e-02
5.10000000e-01   3.97818565e-02
5.20000000e-01   4.05284836e-02
5.30000000e-01   4.12731935e-02
5.40000000e-01   4.20159520e-02
5.50000000e-01   4.27567250e-02
5.60000000e-01   4.34954789e-02
5.70000000e-01   4.42321799e-02
5.80000000e-01   4.49667946e-02
5.90000000e-01   4.56992896e-02
6.00000000e-01   4.64296317e-02
6.10000000e-01   4.71577881e-02
6.20000000e-01   4.78837258e-02
6.30000000e-01   4.86074123e-02
6.40000000e-01   4.93288149e-02
6.50000000e-01   5.00479016e-02
6.60000000e-01   5.07646401e-02
6.70000000e-01   5.14789985e-02
6.80000000e-01   5.21909451e-02
6.90000000e-01   5.29004483e-02
7.00000000e-01   5.36074768e-02
7.10000000e-01   5.43119994e-02
7.20000000e-01   5.50139851e-02
7.30000000e-01   5.57134032e-02
7.40000000e-01   5.64102230e-02
7.50000000e-01   5.71044143e-02
7.60000000e-01   5.77959468e-02
7.70000000e-01   5.84847906e-02
7.80000000e-01   5.91709159e-02
7.90000000e-01   5.98542931e-02
8.00000000e-01   6.05348930e-02
8.10000000e-01   6.12126865e-02
8.20000000e-01   6.18876445e-02
8.30000000e-01   6.25597385e-02
8.40000000e-01   6.32289400e-02
8.50000000e-01   6.38952207e-02
8.60000000e-01   6.45585526e-02
8.70000000e-01   6.52189080e-02
8.80000000e-01   6.58762593e-02
8.90000000e-01   6.65305791e-02
9.00000000e-01   6.71818404e-02
9.10000000e-01   6.78300163e-02
9.20000000e-01   6.84750801e-02
9.30000000e-01   6.91170056e-02
9.40000000e-01   6.97557665e-02
9.50000000e-01   7.03913369e-02
9.60000000e-01   7.10236912e-02
9.70000000e-01   7.16528039e-02
9.80000000e-01   7.22786499e-02
9.90000000e-01   7.29012043e-02
1.00000000e+00   7.35204423e-02
1.01000000e+00   7.41363396e-02
1.02000000e+00   7.47488720e-02
1.03000000e+00   7.53580155e-02
1.04000000e+00   7.59637466e-02
1.05000000e+00   7.65660417e-02
1.06000000e+00   7.71648778e-02
1.07000000e+00   7.77602319e-02
1.08000000e+00   7.83520815e-02
1.09000000e+00   7.89404042e-02
1.10000000e+00   7.95251779e-02
1.11000000e+00   8.01063807e-02
1.12000000e+00   8.06839911e-02
1.13000000e+00   8.12579877e-02
1.14000000e+00   8.18283497e-02
1.15000000e+00   8.23950561e-02
1.16000000e+00   8.29580866e-02
1.17000000e+00   8.35174209e-02
1.18000000e+00   8.40730390e-02
1.19000000e+00   8.46249213e-02
1.20000000e+00   8.51730485e-02
1.21000000e+00   8.57174013e-02
1.22000000e+00   8.62579610e-02
1.23000000e+00   8.67947090e-02
1.24000000e+00   8.73276271e-02
1.25000000e+00   8.78566971e-02
1.26000000e+00   8.83819016e-02
1.27000000e+00   8.89032229e-02
1.28000000e+00   8.94206440e-02
1.29000000e+00   8.99341479e-02
1.30000000e+00   9.04437182e-02
1.31000000e+00   9.09493385e-02
1.32000000e+00   9.14509928e-02
1.33000000e+00   9.19486654e-02
1.34000000e+00   9.24423409e-02
1.35000000e+00   9.29320041e-02
1.36000000e+00   9.34176401e-02
1.37000000e+00   9.38992345e-02
1.38000000e+00   9.43767729e-02
1.39000000e+00   9.48502414e-02
1.40000000e+00   9.53196262e-02
1.41000000e+00   9.57849140e-02
1.42000000e+00   9.62460916e-02
1.43000000e+00   9.67031463e-02
1.44000000e+00   9.71560655e-02
1.45000000e+00   9.76048369e-02
1.46000000e+00   9.80494487e-02
1.47000000e+00   9.84898892e-02
1.48000000e+00   9.89261470e-02
1.49000000e+00   9.93582111e-02
1.50000000e+00   9.97860708e-02
1.51000000e+00   1.00209716e-01
1.52000000e+00   1.00629135e-01
1.53000000e+00   1.01044320e-01
1.54000000e+00   1.01455260e-01
1.55000000e+00   1.01861946e-01
1.56000000e+00   1.02264369e-01
1.57000000e+00   1.02662521e-01
1.58000000e+00   1.03056393e-01
1.59000000e+00   1.03445977e-01
1.60000000e+00   1.03831264e-01
1.61000000e+00   1.04212249e-01
1.62000000e+00   1.04588923e-01
1.63000000e+00   1.04961279e-01
1.64000000e+00   1.05329311e-01
1.65000000e+00   1.05693012e-01
1.66000000e+00   1.06052377e-01
1.67000000e+00   1.06407400e-01
1.68000000e+00   1.06758074e-01
1.69000000e+00   1.07104396e-01
1.70000000e+00   1.07446360e-01
1.71000000e+00   1.07783961e-01
1.72000000e+00   1.08117196e-01
1.73000000e+00   1.08446060e-01
1.74000000e+00   1.08770549e-01
1.75000000e+00   1.09090660e-01
1.76000000e+00   1.09406391e-01
1.77000000e+00   1.09717737e-01
1.78000000e+00   1.10024697e-01
1.79000000e+00   1.10327268e-01
1.80000000e+00   1.10625449e-01
1.81000000e+00   1.10919237e-01
1.82000000e+00   1.11208631e-01
1.83000000e+00   1.11493630e-01
1.84000000e+00   1.11774234e-01
1.85000000e+00   1.12050441e-01
1.86000000e+00   1.12322251e-01
1.87000000e+00   1.12589665e-01
1.88000000e+00   1.12852682e-01
1.89000000e+00   1.13111304e-01
1.90000000e+00   1.13365530e-01
1.91000000e+00   1.13615363e-01
1.92000000e+00   1.13860803e-01
1.93000000e+00   1.14101853e-01
1.94000000e+00   1.14338514e-01
1.95000000e+00   1.14570788e-01
1.96000000e+00   1.14798678e-01
1.97000000e+00   1.15022187e-01
1.98000000e+00   1.15241317e-01
1.99000000e+00   1.15456073e-01
2.00000000e+00   1.15666457e-01
2.01000000e+00   1.15872473e-01
2.02000000e+00   1.16074126e-01
2.03000000e+00   1.16271420e-01
2.04000000e+00   1.16464360e-01
2.05000000e+00   1.16652950e-01
2.06000000e+00   1.16837196e-01
2.07000000e+00   1.17017103e-01
2.08000000e+00   1.17192677e-01
2.09000000e+00   1.17363923e-01
2.10000000e+00   1.17530848e-01
2.11000000e+00   1.17693459e-01
2.12000000e+00   1.17851762e-01
2.13000000e+00   1.18005764e-01
2.14000000e+00   1.18155473e-01
2.15000000e+00   1.18300895e-01
2.16000000e+00   1.18442039e-01
2.17000000e+00   1.18578912e-01
2.18000000e+00   1.18711523e-01
2.19000000e+00   1.18839880e-01
2.20000000e+00   1.18963991e-01
2.21000000e+00   1.19083867e-01
2.22000000e+00   1.19199516e-01
2.23000000e+00   1.19310946e-01
2.24000000e+00   1.19418169e-01
2.25000000e+00   1.19521194e-01
2.26000000e+00   1.19620031e-01
2.27000000e+00   1.19714690e-01
2.28000000e+00   1.19805182e-01
2.29000000e+00   1.19891517e-01
2.30000000e+00   1.19973708e-01
2.31000000e+00   1.20051764e-01
2.32000000e+00   1.20125698e-01
2.33000000e+00   1.20195521e-01
2.34000000e+00   1.20261246e-01
2.35000000e+00   1.20322883e-01
2.36000000e+00   1.20380446e-01
2.37000000e+00   1.20433948e-01
2.38000000e+00   1.20483400e-01
2.39000000e+00   1.20528816e-01
2.40000000e+00   1.20570209e-01
2.41000000e+00   1.20607593e-01
2.42000000e+00   1.20640981e-01
2.43000000e+00   1.20670387e-01
2.44000000e+00   1.20695825e-01
2.45000000e+00   1.20717309e-01
2.46000000e+00   1.20734853e-01
2.47000000e+00   1.20748473e-01
2.48000000e+00   1.20758183e-01
2.49000000e+00   1.20763997e-01
2.50000000e+00   1.20765932e-01
2.51000000e+00   1.20764002e-01
2.52000000e+00   1.20758224e-01
2.53000000e+00   1.20748612e-01
2.54000000e+00   1.20735183e-01
2.55000000e+00   1.20717952e-01
2.56000000e+00   1.20696937e-01
2.57000000e+00   1.20672154e-01
2.58000000e+00   1.20643618e-01
2.59000000e+00   1.20611347e-01
2.60000000e+00   1.20575359e-01
2.61000000e+00   1.20535669e-01
2.62000000e+00   1.20492295e-01
2.63000000e+00   1.20445256e-01
2.64000000e+00   1.20394568e-01
2.65000000e+00   1.20340248e-01
2.66000000e+00   1.20282316e-01
2.67000000e+00   1.20220790e-01
2.68000000e+00   1.20155686e-01
2.69000000e+00   1.20087025e-01
2.70000000e+00   1.20014824e-01
2.71000000e+00   1.19939102e-01
2.72000000e+00   1.19859878e-01
2.73000000e+00   1.19777170e-01
2.74000000e+00   1.19690999e-01
2.75000000e+00   1.19601383e-01
2.76000000e+00   1.19508342e-01
2.77000000e+00   1.19411894e-01
2.78000000e+00   1.19312061e-01
2.79000000e+00   1.19208861e-01
2.80000000e+00   1.19102315e-01
2.81000000e+00   1.18992442e-01
2.82000000e+00   1.18879263e-01
2.83000000e+00   1.18762798e-01
2.84000000e+00   1.18643067e-01
2.85000000e+00   1.18520091e-01
2.86000000e+00   1.18393890e-01
2.87000000e+00   1.18264486e-01
2.88000000e+00   1.18131899e-01
2.89000000e+00   1.17996150e-01
2.90000000e+00   1.17857260e-01
2.91000000e+00   1.17715250e-01
2.92000000e+00   1.17570142e-01
2.93000000e+00   1.17421957e-01
2.94000000e+00   1.17270716e-01
2.95000000e+00   1.17116441e-01
2.96000000e+00   1.16959154e-01
2.97000000e+00   1.16798876e-01
2.98000000e+00   1.16635629e-01
2.99000000e+00   1.16469435e-01
3.00000000e+00   1.16300317e-01
3.01000000e+00   1.16128295e-01
3.02000000e+00   1.15953393e-01
3.03000000e+00   1.15775632e-01
3.04000000e+00   1.15595035e-01
3.05000000e+00   1.15411625e-01
3.06000000e+00   1.15225423e-01
3.07000000e+00   1.15036452e-01
3.08000000e+00   1.14844736e-01
3.09000000e+00   1.14650295e-01
3.10000000e+00   1.14453154e-01
3.11000000e+00   1.14253335e-01
3.12000000e+00   1.14050861e-01
3.13000000e+00   1.13845754e-01
3.14000000e+00   1.13638038e-01
3.15000000e+00   1.13427736e-01
3.16000000e+00   1.13214870e-01
3.17000000e+00   1.12999465e-01
3.18000000e+00   1.12781542e-01
3.19000000e+00   1.12561125e-01
3.20000000e+00   1.12338238e-01
3.21000000e+00   1.12112904e-01
3.22000000e+00   1.11885145e-01
3.23000000e+00   1.11654986e-01
3.24000000e+00   1.11422449e-01
3.25000000e+00   1.11187558e-01
3.26000000e+00   1.10950337e-01
3.27000000e+00   1.10710809e-01
3.28000000e+00   1.10468998e-01
3.29000000e+00   1.10224926e-01
3.30000000e+00   1.09978618e-01
3.31000000e+00   1.09730097e-01
3.32000000e+00   1.09479386e-01
3.33000000e+00   1.09226510e-01
3.34000000e+00   1.08971491e-01
3.35000000e+00   1.08714354e-01
3.36000000e+00   1.08455122e-01
3.37000000e+00   1.08193819e-01
3.38000000e+00   1.07930468e-01
3.39000000e+00   1.07665093e-01
3.40000000e+00   1.07397717e-01
3.41000000e+00   1.07128365e-01
3.42000000e+00   1.06857059e-01
3.43000000e+00   1.06583824e-01
3.44000000e+00   1.06308683e-01
3.45000000e+00   1.06031660e-01
3.46000000e+00   1.05752778e-01
3.47000000e+00   1.05472060e-01
3.48000000e+00   1.05189532e-01
3.49000000e+00   1.04905215e-01
3.50000000e+00   1.04619134e-01
3.51000000e+00   1.04331312e-01
3.52000000e+00   1.04041773e-01
3.53000000e+00   1.03750540e-01
3.54000000e+00   1.03457637e-01
3.55000000e+00   1.03163086e-01
3.56000000e+00   1.02866912e-01
3.57000000e+00   1.02569138e-01
3.58000000e+00   1.02269787e-01
3.59000000e+00   1.01968883e-01
3.60000000e+00   1.01666448e-01
3.61000000e+00   1.01362507e-01
3.62000000e+00   1.01057081e-01
3.63000000e+00   1.00750196e-01
3.64000000e+00   1.00441872e-01
3.65000000e+00   1.00132135e-01
3.66000000e+00   9.98210060e-02
3.67000000e+00   9.95085088e-02
3.68000000e+00   9.91946664e-02
3.69000000e+00   9.88795015e-02
3.70000000e+00   9.85630371e-02
3.71000000e+00   9.82452959e-02
3.72000000e+00   9.79263008e-02
3.73000000e+00   9.76060743e-02
3.74000000e+00   9.72846392e-02
3.75000000e+00   9.69620180e-02
3.76000000e+00   9.66382332e-02
3.77000000e+00   9.63133074e-02
3.78000000e+00   9.59872628e-02
3.79000000e+00   9.56601220e-02
3.80000000e+00   9.53319071e-02
3.81000000e+00   9.50026403e-02
3.82000000e+00   9.46723438e-02
3.83000000e+00   9.43410396e-02
3.84000000e+00   9.40087498e-02
3.85000000e+00   9.36754963e-02
3.86000000e+00   9.33413009e-02
3.87000000e+00   9.30061855e-02
3.88000000e+00   9.26701717e-02
3.89000000e+00   9.23332811e-02
3.90000000e+00   9.19955354e-02
3.91000000e+00   9.16569560e-02
3.92000000e+00   9.13175642e-02
3.93000000e+00   9.09773815e-02
3.94000000e+00   9.06364289e-02
3.95000000e+00   9.02947278e-02
3.96000000e+00   8.99522991e-02
3.97000000e+00   8.96091638e-02
3.98000000e+00   8.92653428e-02
3.99000000e+00   8.89208568e-02
4.00000000e+00   8.85757267e-02
4.01000000e+00   8.82299730e-02
4.02000000e+00   8.78836163e-02
4.03000000e+00   8.75366769e-02
4.04000000e+00   8.71891753e-02
4.05000000e+00   8.68411316e-02
4.06000000e+00   8.64925660e-02
4.07000000e+00   8.61434986e-02
4.08000000e+00   8.57939493e-02
4.09000000e+00   8.54439379e-02
4.10000000e+00   8.50934844e-02
4.11000000e+00   8.47426081e-02
4.12000000e+00   8.43913289e-02
4.13000000e+00   8.40396660e-02
4.14000000e+00   8.36876388e-02
4.15000000e+00   8.33352666e-02
4.16000000e+00   8.29825686e-02
4.17000000e+00   8.26295637e-02
4.18000000e+00   8.22762708e-02
4.19000000e+00   8.19227089e-02
4.20000000e+00   8.15688966e-02
4.21000000e+00   8.12148524e-02
4.22000000e+00   8.08605950e-02
4.23000000e+00   8.05061426e-02
4.24000000e+00   8.01515136e-02
4.25000000e+00   7.97967261e-02
4.26000000e+00   7.94417981e-02
4.27000000e+00   7.90867477e-02
4.28000000e+00   7.87315925e-02
4.29000000e+00   7.83763503e-02
4.30000000e+00   7.80210387e-02
4.31000000e+00   7.76656751e-02
4.32000000e+00   7.73102770e-02
4.33000000e+00   7.69548616e-02
4.34000000e+00   7.65994459e-02
4.35000000e+00   7.62440469e-02
4.36000000e+00   7.58886817e-02
4.37000000e+00   7.55333668e-02
4.38000000e+00   7.51781191e-02
4.39000000e+00   7.48229549e-02
4.40000000e+00   7.44678907e-02
4.41000000e+00   7.41129428e-02
4.42000000e+00   7.37581273e-02
4.43000000e+00   7.34034604e-02
4.44000000e+00   7.30489578e-02
4.45000000e+00   7.26946354e-02
4.46000000e+00   7.23405088e-02
4.47000000e+00   7.19865937e-02
4.48000000e+00   7.16329054e-02
4.49000000e+00   7.12794592e-02
4.50000000e+00   7.09262703e-02
4.51000000e+00   7.05733538e-02
4.52000000e+00   7.02207245e-02
4.53000000e+00   6.98683973e-02
4.54000000e+00   6.95163868e-02
4.55000000e+00   6.91647076e-02
4.56000000e+00   6.88133742e-02
4.57000000e+00   6.84624007e-02
4.58000000e+00   6.81118013e-02
4.59000000e+00   6.77615902e-02
4.60000000e+00   6.74117812e-02
4.61000000e+00   6.70623881e-02
4.62000000e+00   6.67134245e-02
4.63000000e+00   6.63649040e-02
4.64000000e+00   6.60168400e-02
4.65000000e+00   6.56692457e-02
4.66000000e+00   6.53221343e-02
4.67000000e+00   6.49755189e-02
4.68000000e+00   6.46294122e-02
4.69000000e+00   6.42838271e-02
4.70000000e+00   6.39387762e-02
4.71000000e+00   6.35942719e-02
4.72000000e+00   6.32503268e-02
4.73000000e+00   6.29069529e-02
4.74000000e+00   6.25641625e-02
4.75000000e+00   6.22219675e-02
4.76000000e+00   6.18803797e-02
4.77000000e+00   6.15394110e-02
4.78000000e+00   6.11990729e-02
4.79000000e+00   6.08593769e-02
4.80000000e+00   6.05203343e-02
4.81000000e+00   6.01819563e-02
4.82000000e+00   5.98442541e-02
4.83000000e+00   5.95072386e-02
4.84000000e+00   5.91709206e-02
4.85000000e+00   5.88353108e-02
4.86000000e+00   5.85004199e-02
4.87000000e+00   5.81662582e-02
4.88000000e+00   5.78328362e-02
4.89000000e+00   5.75001639e-02
4.90000000e+00   5.71682514e-02
4.91000000e+00   5.68371088e-02
4.92000000e+00   5.65067457e-02
4.93000000e+00   5.61771720e-02
4.94000000e+00   5.58483971e-02
4.95000000e+00   5.55204305e-02
4.96000000e+00   5.51932816e-02
4.97000000e+00   5.48669594e-02
4.98000000e+00   5.45414730e-02
4.99000000e+00   5.42168315e-02
5.00000000e+00   5.38930435e-02
5.01000000e+00   5.35701178e-02
5.02000000e+00   5.32480630e-02
5.03000000e+00   5.29268874e-02
5.04000000e+00   5.26065994e-02
5.05000000e+00   5.22872072e-02
5.06000000e+00   5.19687189e-02
5.07000000e+00   5.16511423e-02
5.08000000e+00   5.13344854e-02
5.09000000e+00   5.10187557e-02
5.10000000e+00   5.07039610e-02
5.11000000e+00   5.03901086e-02
5.12000000e+00   5.00772059e-02
5.13000000e+00   4.97652602e-02
5.14000000e+00   4.94542784e-02
5.15000000e+00   4.91442676e-02
5.16000000e+00   4.88352346e-02
5.17000000e+00   4.85271863e-02
5.18000000e+00   4.82201291e-02
5.19000000e+00   4.79140697e-02
5.20000000e+00   4.76090143e-02
5.21000000e+00   4.73049693e-02
5.22000000e+00   4.70019409e-02
5.23000000e+00   4.66999350e-02
5.24000000e+00   4.63989576e-02
5.25000000e+00   4.60990144e-02
5.26000000e+00   4.58001113e-02
5.27000000e+00   4.55022537e-02
5.28000000e+00   4.52054472e-02
5.29000000e+00   4.49096970e-02
5.30000000e+00   4.46150085e-02
5.31000000e+00   4.43213867e-02
5.32000000e+00   4.40288367e-02
5.33000000e+00   4.37373633e-02
5.34000000e+00   4.34469714e-02
5.35000000e+00   4.31576657e-02
5.36000000e+00   4.28694508e-02
5.37000000e+00   4.25823310e-02
5.38000000e+00   4.22963109e-02
5.39000000e+00   4.20113945e-02
5.40000000e+00   4.17275861e-02
5.41000000e+00   4.14448898e-02
5.42000000e+00   4.11633093e-02
5.43000000e+00   4.08828487e-02
5.44000000e+00   4.06035116e-02
5.45000000e+00   4.03253016e-02
5.46000000e+00   4.00482222e-02
5.47000000e+00   3.97722770e-02
5.48000000e+00   3.94974691e-02
5.49000000e+00   3.92238017e-02
5.50000000e+00   3.89512781e-02
5.51000000e+00   3.86799012e-02
5.52000000e+00   3.84096740e-02
5.53000000e+00   3.81405992e-02
5.54000000e+00   3.78726795e-02
5.55000000e+00   3.76059176e-02
5.56000000e+00   3.73403161e-02
5.57000000e+00   3.70758772e-02
5.58000000e+00   3.68126034e-02
5.59000000e+00   3.65504969e-02
5.60000000e+00   3.62895598e-02
5.61000000e+00   3.60297942e-02
5.62000000e+00   3.57712021e-02
5.63000000e+00   3.55137852e-02
5.64000000e+00   3.52575454e-02
5.65000000e+00   3.50024843e-02
5.66000000e+00   3.47486036e-02
5.67000000e+00   3.44959047e-02
5.68000000e+00   3.42443890e-02
5.69000000e+00   3.39940579e-02
5.70000000e+00   3.37449126e-02
5.71000000e+00   3.34969543e-02
5.72000000e+00   3.32501840e-02
5.73000000e+00   3.30046026e-02
5.74000000e+00   3.27602112e-02
5.75000000e+00   3.25170104e-02
5.76000000e+00   3.22750010e-02
5.77000000e+00   3.20341838e-02
5.78000000e+00   3.17945591e-02
5.79000000e+00   3.15561275e-02
5.80000000e+00   3.13188894e-02
5.81000000e+00   3.10828452e-02
5.82000000e+00   3.08479950e-02
5.83000000e+00   3.06143390e-02
5.84000000e+00   3.03818774e-02
5.85000000e+00   3.01506100e-02
5.86000000e+00   2.99205369e-02
5.87000000e+00   2.96916579e-02
5.88000000e+00   2.94639728e-02
5.89000000e+00   2.92374813e-02
5.90000000e+00   2.90121830e-02
5.91000000e+00   2.87880775e-02
5.92000000e+00   2.85651643e-02
5.93000000e+00   2.83434428e-02
5.94000000e+00   2.81229123e-02
5.95000000e+00   2.79035721e-02
5.96000000e+00   2.76854215e-02
5.97000000e+00   2.74684596e-02
5.98000000e+00   2.72526854e-02
5.99000000e+00   2.70380979e-02
6.00000000e+00   2.68246962e-02
6.01000000e+00   2.66124790e-02
6.02000000e+00   2.64014453e-02
6.03000000e+00   2.61915936e-02
6.04000000e+00   2.59829228e-02
6.05000000e+00   2.57754314e-02
6.06000000e+00   2.55691180e-02
6.07000000e+00   2.53639811e-02
6.08000000e+00   2.51600191e-02
6.09000000e+00   2.49572304e-02
6.10000000e+00   2.47556134e-02
6.11000000e+00   2.45551662e-02
6.12000000e+00   2.43558871e-02
6.13000000e+00   2.41577743e-02
6.14000000e+00   2.39608258e-02
6.15000000e+00   2.37650396e-02
6.16000000e+00   2.35704138e-02
6.17000000e+00   2.33769462e-02
6.18000000e+00   2.31846348e-02
6.19000000e+00   2.29934773e-02
6.20000000e+00   2.28034716e-02
6.21000000e+00   2.26146153e-02
6.22000000e+00   2.24269061e-02
6.23000000e+00   2.22403416e-02
6.24000000e+00   2.20549193e-02
6.25000000e+00   2.18706369e-02
6.26000000e+00   2.16874918e-02
6.27000000e+00   2.15054813e-02
6.28000000e+00   2.13246030e-02
6.29000000e+00   2.11448540e-02
6.30000000e+00   2.09662317e-02
6.31000000e+00   2.07887333e-02
6.32000000e+00   2.06123560e-02
6.33000000e+00   2.04370970e-02
6.34000000e+00   2.02629534e-02
6.35000000e+00   2.00899222e-02
6.36000000e+00   1.99180005e-02
6.37000000e+00   1.97471853e-02
6.38000000e+00   1.95774735e-02
6.39000000e+00   1.94088619e-02
6.40000000e+00   1.92413476e-02
6.41000000e+00   1.90749273e-02
6.42000000e+00   1.89095978e-02
6.43000000e+00   1.87453558e-02
6.44000000e+00   1.85821982e-02
6.45000000e+00   1.84201215e-02
6.46000000e+00   1.82591224e-02
6.47000000e+00   1.80991975e-02
6.48000000e+00   1.79403435e-02
6.49000000e+00   1.77825569e-02
6.50000000e+00   1.76258341e-02
6.51000000e+00   1.74701717e-02
6.52000000e+00   1.73155661e-02
6.53000000e+00   1.71620137e-02
6.54000000e+00   1.70095110e-02
6.55000000e+00   1.68580543e-02
6.56000000e+00   1.67076400e-02
6.57000000e+00   1.65582642e-02
6.58000000e+00   1.64099234e-02
6.59000000e+00   1.62626138e-02
6.60000000e+00   1.61163316e-02
6.61000000e+00   1.59710730e-02
6.62000000e+00   1.58268342e-02
6.63000000e+00   1.56836113e-02
6.64000000e+00   1.55414004e-02
6.65000000e+00   1.54001977e-02
6.66000000e+00   1.52599993e-02
6.67000000e+00   1.51208011e-02
6.68000000e+00   1.49825993e-02
6.69000000e+00   1.48453898e-02
6.70000000e+00   1.47091687e-02
6.71000000e+00   1.45739319e-02
6.72000000e+00   1.44396753e-02
6.73000000e+00   1.43063950e-02
6.74000000e+00   1.41740867e-02
6.75000000e+00   1.40427465e-02
6.76000000e+00   1.39123702e-02
6.77000000e+00   1.37829536e-02
6.78000000e+00   1.36544926e-02
6.79000000e+00   1.35269831e-02
6.80000000e+00   1.34004208e-02
6.81000000e+00   1.32748015e-02
6.82000000e+00   1.31501211e-02
6.83000000e+00   1.30263753e-02
6.84000000e+00   1.29035598e-02
6.85000000e+00   1.27816704e-02
6.86000000e+00   1.26607029e-02
6.87000000e+00   1.25406529e-02
6.88000000e+00   1.24215162e-02
6.89000000e+00   1.23032884e-02
6.90000000e+00   1.21859653e-02
6.91000000e+00   1.20695425e-02
6.92000000e+00   1.19540157e-02
6.93000000e+00   1.18393805e-02
6.94000000e+00   1.17256326e-02
6.95000000e+00   1.16127677e-02
6.96000000e+00   1.15007813e-02
6.97000000e+00   1.13896690e-02
6.98000000e+00   1.12794266e-02
6.99000000e+00   1.11700496e-02
7.00000000e+00   1.10615335e-02
7.01000000e+00   1.09538741e-02
7.02000000e+00   1.08470669e-02
7.03000000e+00   1.07411075e-02
7.04000000e+00   1.06359914e-02
7.05000000e+00   1.05317143e-02
7.06000000e+00   1.04282717e-02
7.07000000e+00   1.03256591e-02
7.08000000e+00   1.02238722e-02
7.09000000e+00   1.01229066e-02
7.10000000e+00   1.00227577e-02
7.11000000e+00   9.92342117e-03
7.12000000e+00   9.82489253e-03
7.13000000e+00   9.72716735e-03
7.14000000e+00   9.63024119e-03
7.15000000e+00   9.53410959e-03
7.16000000e+00   9.43876811e-03
7.17000000e+00   9.34421232e-03
7.18000000e+00   9.25043777e-03
7.19000000e+00   9.15744002e-03
7.20000000e+00   9.06521463e-03
7.21000000e+00   8.97375715e-03
7.22000000e+00   8.88306315e-03
7.23000000e+00   8.79312820e-03
7.24000000e+00   8.70394787e-03
7.25000000e+00   8.61551772e-03
7.26000000e+00   8.52783333e-03
7.27000000e+00   8.44089027e-03
7.28000000e+00   8.35468414e-03
7.29000000e+00   8.26921051e-03
7.30000000e+00   8.18446498e-03
7.31000000e+00   8.10044313e-03
7.32000000e+00   8.01714058e-03
7.33000000e+00   7.93455292e-03
7.34000000e+00   7.85267578e-03
7.35000000e+00   7.77150475e-03
7.36000000e+00   7.69103548e-03
7.37000000e+00   7.61126358e-03
7.38000000e+00   7.53218470e-03
7.39000000e+00   7.45379448e-03
7.40000000e+00   7.37608857e-03
7.41000000e+00   7.29906263e-03
7.42000000e+00   7.22271233e-03
7.43000000e+00   7.14703334e-03
7.44000000e+00   7.07202134e-03
7.45000000e+00   6.99767203e-03
7.46000000e+00   6.92398111e-03
7.47000000e+00   6.85094428e-03
7.48000000e+00   6.77855726e-03
7.49000000e+00   6.70681579e-03
7.50000000e+00   6.63571560e-03
7.51000000e+00   6.56525244e-03
7.52000000e+00   6.49542207e-03
7.53000000e+00   6.42622026e-03
7.54000000e+00   6.35764278e-03
7.55000000e+00   6.28968543e-03
7.56000000e+00   6.22234400e-03
7.57000000e+00   6.15561431e-03
7.58000000e+00   6.08949219e-03
7.59000000e+00   6.02397347e-03
7.60000000e+00   5.95905399e-03
7.61000000e+00   5.89472962e-03
7.62000000e+00   5.83099622e-03
7.63000000e+00   5.76784969e-03
7.64000000e+00   5.70528591e-03
7.65000000e+00   5.64330080e-03
7.66000000e+00   5.58189028e-03
7.67000000e+00   5.52105028e-03
7.68000000e+00   5.46077675e-03
7.69000000e+00   5.40106566e-03
7.70000000e+00   5.34191297e-03
7.71000000e+00   5.28331468e-03
7.72000000e+00   5.22526680e-03
7.73000000e+00   5.16776533e-03
7.74000000e+00   5.11080631e-03
7.75000000e+00   5.05438578e-03
7.76000000e+00   4.99849981e-03
7.77000000e+00   4.94314446e-03
7.78000000e+00   4.88831583e-03
7.79000000e+00   4.83401002e-03
7.80000000e+00   4.78022314e-03
7.81000000e+00   4.72695134e-03
7.82000000e+00   4.67419076e-03
7.83000000e+00   4.62193757e-03
7.84000000e+00   4.57018794e-03
7.85000000e+00   4.51893807e-03
7.86000000e+00   4.46818417e-03
7.87000000e+00   4.41792247e-03
7.88000000e+00   4.36814921e-03
7.89000000e+00   4.31886065e-03
7.90000000e+00   4.27005306e-03
7.91000000e+00   4.22172274e-03
7.92000000e+00   4.17386598e-03
7.93000000e+00   4.12647912e-03
7.94000000e+00   4.07955849e-03
7.95000000e+00   4.03310045e-03
7.96000000e+00   3.98710137e-03
7.97000000e+00   3.94155765e-03
7.98000000e+00   3.89646568e-03
7.99000000e+00   3.85182189e-03
8.00000000e+00   3.80762272e-03
8.01000000e+00   3.76386463e-03
8.02000000e+00   3.72054408e-03
8.03000000e+00   3.67765758e-03
8.04000000e+00   3.63520163e-03
8.05000000e+00   3.59317275e-03
8.06000000e+00   3.55156748e-03
8.07000000e+00   3.51038240e-03
8.08000000e+00   3.46961406e-03
8.09000000e+00   3.42925908e-03
8.10000000e+00   3.38931405e-03
8.11000000e+00   3.34977561e-03
8.12000000e+00   3.31064041e-03
8.13000000e+00   3.27190511e-03
8.14000000e+00   3.23356639e-03
8.15000000e+00   3.19562096e-03
8.16000000e+00   3.15806552e-03
8.17000000e+00   3.12089682e-03
8.18000000e+00   3.08411161e-03
8.19000000e+00   3.04770666e-03
8.20000000e+00   3.01167875e-03
8.21000000e+00   2.97602470e-03
8.22000000e+00   2.94074133e-03
8.23000000e+00   2.90582548e-03
8.24000000e+00   2.87127401e-03
8.25000000e+00   2.83708380e-03
8.26000000e+00   2.80325175e-03
8.27000000e+00   2.76977476e-03
8.28000000e+00   2.73664978e-03
8.29000000e+00   2.70387374e-03
8.30000000e+00   2.67144362e-03
8.31000000e+00   2.63935641e-03
8.32000000e+00   2.60760910e-03
8.33000000e+00   2.57619873e-03
8.34000000e+00   2.54512232e-03
8.35000000e+00   2.51437693e-03
8.36000000e+00   2.48395965e-03
8.37000000e+00   2.45386757e-03
8.38000000e+00   2.42409779e-03
8.39000000e+00   2.39464744e-03
8.40000000e+00   2.36551368e-03
8.41000000e+00   2.33669367e-03
8.42000000e+00   2.30818459e-03
8.43000000e+00   2.27998364e-03
8.44000000e+00   2.25208804e-03
8.45000000e+00   2.22449503e-03
8.46000000e+00   2.19720186e-03
8.47000000e+00   2.17020580e-03
8.48000000e+00   2.14350415e-03
8.49000000e+00   2.11709421e-03
8.50000000e+00   2.09097331e-03
8.51000000e+00   2.06513879e-03
8.52000000e+00   2.03958802e-03
8.53000000e+00   2.01431836e-03
8.54000000e+00   1.98932722e-03
8.55000000e+00   1.96461201e-03
8.56000000e+00   1.94017017e-03
8.57000000e+00   1.91599913e-03
8.58000000e+00   1.89209638e-03
8.59000000e+00   1.86845938e-03
8.60000000e+00   1.84508565e-03
8.61000000e+00   1.82197270e-03
8.62000000e+00   1.79911806e-03
8.63000000e+00   1.77651930e-03
8.64000000e+00   1.75417398e-03
8.65000000e+00   1.73207968e-03
8.66000000e+00   1.71023402e-03
8.67000000e+00   1.68863462e-03
8.68000000e+00   1.66727911e-03
8.69000000e+00   1.64616515e-03
8.70000000e+00   1.62529042e-03
8.71000000e+00   1.60465260e-03
8.72000000e+00   1.58424940e-03
8.73000000e+00   1.56407855e-03
8.74000000e+00   1.54413778e-03
8.75000000e+00   1.52442486e-03
8.76000000e+00   1.50493755e-03
8.77000000e+00   1.48567364e-03
8.78000000e+00   1.46663095e-03
8.79000000e+00   1.44780730e-03
8.80000000e+00   1.42920053e-03
8.81000000e+00   1.41080849e-03
8.82000000e+00   1.39262905e-03
8.83000000e+00   1.37466011e-03
8.84000000e+00   1.35689957e-03
8.85000000e+00   1.33934535e-03
8.86000000e+00   1.32199540e-03
8.87000000e+00   1.30484765e-03
8.88000000e+00   1.28790009e-03
8.89000000e+00   1.27115069e-03
8.90000000e+00   1.25459746e-03
8.91000000e+00   1.23823841e-03
8.92000000e+00   1.22207159e-03
8.93000000e+00   1.20609503e-03
8.94000000e+00   1.19030679e-03
8.95000000e+00   1.17470497e-03
8.96000000e+00   1.15928765e-03
8.97000000e+00   1.14405294e-03
8.98000000e+00   1.12899897e-03
8.99000000e+00   1.11412389e-03
9.00000000e+00   1.09942583e-03
9.01000000e+00   1.08490298e-03
9.02000000e+00   1.07055353e-03
9.03000000e+00   1.05637566e-03
9.04000000e+00   1.04236760e-03
9.05000000e+00   1.02852759e-03
9.06000000e+00   1.01485385e-03
9.07000000e+00   1.00134466e-03
9.08000000e+00   9.87998289e-04
9.09000000e+00   9.74813023e-04
9.10000000e+00   9.61787168e-04
9.11000000e+00   9.48919040e-04
9.12000000e+00   9.36206973e-04
9.13000000e+00   9.23649313e-04
9.14000000e+00   9.11244419e-04
9.15000000e+00   8.98990667e-04
9.16000000e+00   8.86886444e-04
9.17000000e+00   8.74930154e-04
9.18000000e+00   8.63120213e-04
9.19000000e+00   8.51455050e-04
9.20000000e+00   8.39933110e-04
9.21000000e+00   8.28552849e-04
9.22000000e+00   8.17312739e-04
9.23000000e+00   8.06211264e-04
9.24000000e+00   7.95246921e-04
9.25000000e+00   7.84418222e-04
9.26000000e+00   7.73723691e-04
9.27000000e+00   7.63161866e-04
9.28000000e+00   7.52731296e-04
9.29000000e+00   7.42430546e-04
9.30000000e+00   7.32258192e-04
9.31000000e+00   7.22212823e-04
9.32000000e+00   7.12293042e-04
9.33000000e+00   7.02497462e-04
9.34000000e+00   6.92824711e-04
9.35000000e+00   6.83273430e-04
9.36000000e+00   6.73842271e-04
9.37000000e+00   6.64529897e-04
9.38000000e+00   6.55334988e-04
9.39000000e+00   6.46256230e-04
9.40000000e+00   6.37292327e-04
9.41000000e+00   6.28441991e-04
9.42000000e+00   6.19703949e-04
9.43000000e+00   6.11076936e-04
9.44000000e+00   6.02559704e-04
9.45000000e+00   5.94151011e-04
9.46000000e+00   5.85849632e-04
9.47000000e+00   5.77654351e-04
9.48000000e+00   5.69563962e-04
9.49000000e+00   5.61577274e-04
9.50000000e+00   5.53693105e-04
9.51000000e+00   5.45910285e-04
9.52000000e+00   5.38227655e-04
9.53000000e+00   5.30644068e-04
9.54000000e+00   5.23158386e-04
9.55000000e+00   5.15769483e-04
9.56000000e+00   5.08476246e-04
9.57000000e+00   5.01277570e-04
9.58000000e+00   4.94172361e-04
9.59000000e+00   4.87159538e-04
9.60000000e+00   4.80238028e-04
9.61000000e+00   4.73406769e-04
9.62000000e+00   4.66664712e-04
9.63000000e+00   4.60010815e-04
9.64000000e+00   4.53444047e-04
9.65000000e+00   4.46963390e-04
9.66000000e+00   4.40567832e-04
9.67000000e+00   4.34256374e-04
9.68000000e+00   4.28028026e-04
9.69000000e+00   4.21881808e-04
9.70000000e+00   4.15816750e-04
9.71000000e+00   4.09831892e-04
9.72000000e+00   4.03926282e-04
9.73000000e+00   3.98098981e-04
9.74000000e+00   3.92349055e-04
9.75000000e+00   3.86675584e-04
9.76000000e+00   3.81077655e-04
9.77000000e+00   3.75554364e-04
9.78000000e+00   3.70104818e-04
9.79000000e+00   3.64728131e-04
9.80000000e+00   3.59423428e-04
9.81000000e+00   3.54189842e-04
9.82000000e+00   3.49026516e-04
9.83000000e+00   3.43932600e-04
9.84000000e+00   3.38907254e-04
9.85000000e+00   3.33949648e-04
9.86000000e+00   3.29058959e-04
9.87000000e+00   3.24234373e-04
9.88000000e+00   3.19475084e-04
9.89000000e+00   3.14780295e-04
9.90000000e+00   3.10149218e-04
9.91000000e+00   3.05581073e-04
9.92000000e+00   3.01075088e-04
9.93000000e+00   2.96630498e-04
9.94000000e+00   2.92246550e-04
9.95000000e+00   2.87922494e-04
9.96000000e+00   2.83657591e-04
9.97000000e+00   2.79451110e-04
9.98000000e+00   2.75302327e-04
9.99000000e+00   2.71210525e-04
1.00000000e+01   2.67174998e-04
1.00100000e+01   2.63195043e-04
1.00200000e+01   2.59269969e-04
1.00300000e+01   2.55399089e-04
1.00400000e+01   2.51581725e-04
1.00500000e+01   2.47817207e-04
1.00600000e+01   2.44104872e-04
1.00700000e+01   2.40444064e-04
1.00800000e+01   2.36834133e-04
1.00900000e+01   2.33274438e-04
1.01000000e+01   2.29764345e-04
1.01100000e+01   2.26303226e-04
1.01200000e+01   2.22890459e-04
1.01300000e+01   2.19525433e-04
1.01400000e+01   2.16207538e-04
1.01500000e+01   2.12936176e-04
1.01600000e+01   2.09710753e-04
1.01700000e+01   2.06530682e-04
1.01800000e+01   2.03395383e-04
1.01900000e+01   2.00304282e-04
1.02000000e+01   1.97256812e-04
1.02100000e+01   1.94252412e-04
1.02200000e+01   1.91290527e-04
1.02300000e+01   1.88370610e-04
1.02400000e+01   1.85492118e-04
1.02500000e+01   1.82654516e-04
1.02600000e+01   1.79857274e-04
1.02700000e+01   1.77099868e-04
1.02800000e+01   1.74381780e-04
1.02900000e+01   1.71702499e-04
1.03000000e+01   1.69061519e-04
1.03100000e+01   1.66458341e-04
1.03200000e+01   1.63892469e-04
1.03300000e+01   1.61363415e-04
1.03400000e+01   1.58870697e-04
1.03500000e+01   1.56413837e-04
1.03600000e+01   1.53992363e-04
1.03700000e+01   1.51605810e-04
1.03800000e+01   1.49253716e-04
1.03900000e+01   1.46935627e-04
1.04000000e+01   1.44651092e-04
1.04100000e+01   1.42399666e-04
1.04200000e+01   1.40180911e-04
1.04300000e+01   1.37994391e-04
1.04400000e+01   1.35839678e-04
1.04500000e+01   1.33716348e-04
1.04600000e+01   1.31623981e-04
1.04700000e+01   1.29562164e-04
1.04800000e+01   1.27530487e-04
1.04900000e+01   1.25528547e-04
1.05000000e+01   1.23555943e-04
1.05100000e+01   1.21612281e-04
1.05200000e+01   1.19697171e-04
1.05300000e+01   1.17810229e-04
1.05400000e+01   1.15951073e-04
1.05500000e+01   1.14119327e-04
1.05600000e+01   1.12314621e-04
1.05700000e+01   1.10536587e-04
1.05800000e+01   1.08784863e-04
1.05900000e+01   1.07059091e-04
1.06000000e+01   1.05358917e-04
1.06100000e+01   1.03683991e-04
1.06200000e+01   1.02033969e-04
1.06300000e+01   1.00408510e-04
1.06400000e+01   9.88072771e-05
1.06500000e+01   9.72299377e-05
1.06600000e+01   9.56761635e-05
1.06700000e+01   9.41456300e-05
1.06800000e+01   9.26380169e-05
1.06900000e+01   9.11530077e-05
1.07000000e+01   8.96902901e-05
1.07100000e+01   8.82495554e-05
1.07200000e+01   8.68304988e-05
1.07300000e+01   8.54328195e-05
1.07400000e+01   8.40562201e-05
1.07500000e+01   8.27004074e-05
1.07600000e+01   8.13650914e-05
1.07700000e+01   8.00499860e-05
1.07800000e+01   7.87548087e-05
1.07900000e+01   7.74792805e-05
1.08000000e+01   7.62231260e-05
1.08100000e+01   7.49860731e-05
1.08200000e+01   7.37678535e-05
1.08300000e+01   7.25682018e-05
1.08400000e+01   7.13868565e-05
1.08500000e+01   7.02235590e-05
1.08600000e+01   6.90780544e-05
1.08700000e+01   6.79500906e-05
1.08800000e+01   6.68394192e-05
1.08900000e+01   6.57457947e-05
1.09000000e+01   6.46689748e-05
1.09100000e+01   6.36087203e-05
1.09200000e+01   6.25647952e-05
1.09300000e+01   6.15369665e-05
1.09400000e+01   6.05250041e-05
1.09500000e+01   5.95286810e-05
1.09600000e+01   5.85477731e-05
1.09700000e+01   5.75820592e-05
1.09800000e+01   5.66313212e-05
1.09900000e+01   5.56953434e-05
1.10000000e+01   5.47739133e-05
1.10100000e+01   5.38668211e-05
1.10200000e+01   5.29738596e-05
1.10300000e+01   5.20948245e-05
1.10400000e+01   5.12295141e-05
1.10500000e+01   5.03777294e-05
1.10600000e+01   4.95392740e-05
1.10700000e+01   4.87139541e-05
1.10800000e+01   4.79015783e-05
1.10900000e+01   4.71019582e-05
1.11000000e+01   4.63149073e-05
1.11100000e+01   4.55402421e-05
1.11200000e+01   4.47777812e-05
1.11300000e+01   4.40273459e-05
1.11400000e+01   4.32887596e-05
1.11500000e+01   4.25618483e-05
1.11600000e+01   4.18464401e-05
1.11700000e+01   4.11423657e-05
1.11800000e+01   4.04494579e-05
1.11900000e+01   3.97675517e-05
1.12000000e+01   3.90964845e-05
1.12100000e+01   3.84360957e-05
1.12200000e+01   3.77862271e-05
1.12300000e+01   3.71467224e-05
1.12400000e+01   3.65174277e-05
1.12500000e+01   3.58981909e-05
1.12600000e+01   3.52888622e-05
1.12700000e+01   3.46892937e-05
1.12800000e+01   3.40993397e-05
1.12900000e+01   3.35188562e-05
1.13000000e+01   3.29477014e-05
1.13100000e+01   3.23857355e-05
1.13200000e+01   3.18328204e-05
1.13300000e+01   3.12888201e-05
1.13400000e+01   3.07536003e-05
1.13500000e+01   3.02270288e-05
1.13600000e+01   2.97089749e-05
1.13700000e+01   2.91993101e-05
1.13800000e+01   2.86979073e-05
1.13900000e+01   2.82046413e-05
1.14000000e+01   2.77193889e-05
1.14100000e+01   2.72420283e-05
1.14200000e+01   2.67724394e-05
1.14300000e+01   2.63105040e-05
1.14400000e+01   2.58561054e-05
1.14500000e+01   2.54091286e-05
1.14600000e+01   2.49694602e-05
1.14700000e+01   2.45369883e-05
1.14800000e+01   2.41116027e-05
1.14900000e+01   2.36931947e-05
1.15000000e+01   2.32816573e-05
1.15100000e+01   2.28768846e-05
1.15200000e+01   2.24787727e-05
1.15300000e+01   2.20872188e-05
1.15400000e+01   2.17021218e-05
1.15500000e+01   2.13233819e-05
1.15600000e+01   2.09509007e-05
1.15700000e+01   2.05845813e-05
1.15800000e+01   2.02243282e-05
1.15900000e+01   1.98700472e-05
1.16000000e+01   1.95216454e-05
1.16100000e+01   1.91790314e-05
1.16200000e+01   1.88421150e-05
1.16300000e+01   1.85108073e-05
1.16400000e+01   1.81850207e-05
1.16500000e+01   1.78646688e-05
1.16600000e+01   1.75496666e-05
1.16700000e+01   1.72399303e-05
1.16800000e+01   1.69353771e-05
1.16900000e+01   1.66359256e-05
1.17000000e+01   1.63414956e-05
1.17100000e+01   1.60520080e-05
1.17200000e+01   1.57673849e-05
1.17300000e+01   1.54875494e-05
1.17400000e+01   1.52124259e-05
1.17500000e+01   1.49419398e-05
1.17600000e+01   1.46760177e-05
1.17700000e+01   1.44145872e-05
1.17800000e+01   1.41575769e-05
1.17900000e+01   1.39049166e-05
1.18000000e+01   1.36565370e-05
1.18100000e+01   1.34123698e-05
1.18200000e+01   1.31723480e-05
1.18300000e+01   1.29364053e-05
1.18400000e+01   1.27044764e-05
1.18500000e+01   1.24764971e-05
1.18600000e+01   1.22524041e-05
1.18700000e+01   1.20321349e-05
1.18800000e+01   1.18156283e-05
1.18900000e+01   1.16028236e-05
1.19000000e+01   1.13936613e-05
1.19100000e+01   1.11880826e-05
1.19200000e+01   1.09860297e-05
1.19300000e+01   1.07874456e-05
1.19400000e+01   1.05922741e-05
1.19500000e+01   1.04004602e-05
1.19600000e+01   1.02119492e-05
1.19700000e+01   1.00266875e-05
1.19800000e+01   9.84462249e-06
1.19900000e+01   9.66570199e-06
1.20000000e+01   9.48987483e-06
1.20100000e+01   9.31709057e-06
1.20200000e+01   9.14729953e-06
1.20300000e+01   8.98045279e-06
1.20400000e+01   8.81650218e-06
1.20500000e+01   8.65540026e-06
1.20600000e+01   8.49710030e-06
1.20700000e+01   8.34155632e-06
1.20800000e+01   8.18872302e-06
1.20900000e+01   8.03855578e-06
1.21000000e+01   7.89101070e-06
1.21100000e+01   7.74604454e-06
1.21200000e+01   7.60361471e-06
1.21300000e+01   7.46367930e-06
1.21400000e+01   7.32619703e-06
1.21500000e+01   7.19112727e-06
1.21600000e+01   7.05843002e-06
1.21700000e+01   6.92806588e-06
1.21800000e+01   6.79999608e-06
1.21900000e+01   6.67418245e-06
1.22000000e+01   6.55058740e-06
1.22100000e+01   6.42917395e-06
1.22200000e+01   6.30990567e-06
1.22300000e+01   6.19274672e-06
1.22400000e+01   6.07766180e-06
1.22500000e+01   5.96461619e-06
1.22600000e+01   5.85357569e-06
1.22700000e+01   5.74450664e-06
1.22800000e+01   5.63737593e-06
1.22900000e+01   5.53215093e-06
1.23000000e+01   5.42879957e-06
1.23100000e+01   5.32729025e-06
1.23200000e+01   5.22759190e-06
1.23300000e+01   5.12967390e-06
1.23400000e+01   5.03350616e-06
1.23500000e+01   4.93905905e-06
1.23600000e+01   4.84630338e-06
1.23700000e+01   4.75521048e-06
1.23800000e+01   4.66575209e-06
1.23900000e+01   4.57790042e-06
1.24000000e+01   4.49162812e-06
1.24100000e+01   4.40690828e-06
1.24200000e+01   4.32371441e-06
1.24300000e+01   4.24202046e-06
1.24400000e+01   4.16180078e-06
1.24500000e+01   4.08303015e-06
1.24600000e+01   4.00568374e-06
1.24700000e+01   3.92973712e-06
1.24800000e+01   3.85516627e-06
1.24900000e+01   3.78194753e-06
1.25000000e+01   3.71005766e-06
1.25100000e+01   3.63947375e-06
1.25200000e+01   3.57017330e-06
1.25300000e+01   3.50213416e-06
1.25400000e+01   3.43533453e-06
1.25500000e+01   3.36975297e-06
1.25600000e+01   3.30536840e-06
1.25700000e+01   3.24216007e-06
1.25800000e+01   3.18010757e-06
1.25900000e+01   3.11919084e-06
1.26000000e+01   3.05939011e-06
1.26100000e+01   3.00068598e-06
1.26200000e+01   2.94305933e-06
1.26300000e+01   2.88649138e-06
1.26400000e+01   2.83096364e-06
1.26500000e+01   2.77645793e-06
1.26600000e+01   2.72295637e-06
1.26700000e+01   2.67044137e-06
1.26800000e+01   2.61889565e-06
1.26900000e+01   2.56830219e-06
1.27000000e+01   2.51864427e-06
1.27100000e+01   2.46990542e-06
1.27200000e+01   2.42206948e-06
1.27300000e+01   2.37512053e-06
1.27400000e+01   2.32904293e-06
1.27500000e+01   2.28382129e-06
1.27600000e+01   2.23944049e-06
1.27700000e+01   2.19588563e-06
1.27800000e+01   2.15314211e-06
1.27900000e+01   2.11119553e-06
1.28000000e+01   2.07003175e-06
1.28100000e+01   2.02963686e-06
1.28200000e+01   1.98999719e-06
1.28300000e+01   1.95109929e-06
1.28400000e+01   1.91292995e-06
1.28500000e+01   1.87547617e-06
1.28600000e+01   1.83872518e-06
1.28700000e+01   1.80266440e-06
1.28800000e+01   1.76728151e-06
1.28900000e+01   1.73256434e-06
1.29000000e+01   1.69850098e-06
1.29100000e+01   1.66507968e-06
1.29200000e+01   1.63228891e-06
1.29300000e+01   1.60011734e-06
1.29400000e+01   1.56855382e-06
1.29500000e+01   1.53758740e-06
1.29600000e+01   1.50720729e-06
1.29700000e+01   1.47740293e-06
1.29800000e+01   1.44816391e-06
1.29900000e+01   1.41948000e-06
1.30000000e+01   1.39134114e-06
1.30100000e+01   1.36373746e-06
1.30200000e+01   1.33665926e-06
1.30300000e+01   1.31009698e-06
1.30400000e+01   1.28404125e-06
1.30500000e+01   1.25848285e-06
1.30600000e+01   1.23341272e-06
1.30700000e+01   1.20882196e-06
1.30800000e+01   1.18470183e-06
1.30900000e+01   1.16104371e-06
1.31000000e+01   1.13783918e-06
1.31100000e+01   1.11507991e-06
1.31200000e+01   1.09275776e-06
1.31300000e+01   1.07086471e-06
1.31400000e+01   1.04939288e-06
1.31500000e+01   1.02833453e-06
1.31600000e+01   1.00768206e-06
1.31700000e+01   9.87427985e-07
1.31800000e+01   9.67564976e-07
1.31900000e+01   9.48085814e-07
1.32000000e+01   9.28983411e-07
1.32100000e+01   9.10250804e-07
1.32200000e+01   8.91881153e-07
1.32300000e+01   8.73867734e-07
1.32400000e+01   8.56203946e-07
1.32500000e+01   8.38883302e-07
1.32600000e+01   8.21899428e-07
1.32700000e+01   8.05246064e-07
1.32800000e+01   7.88917061e-07
1.32900000e+01   7.72906377e-07
1.33000000e+01   7.57208078e-07
1.33100000e+01   7.41816334e-07
1.33200000e+01   7.26725420e-07
1.33300000e+01   7.11929711e-07
1.33400000e+01   6.97423683e-07
1.33500000e+01   6.83201909e-07
1.33600000e+01   6.69259060e-07
1.33700000e+01   6.55589902e-07
1.33800000e+01   6.42189292e-07
1.33900000e+01   6.29052181e-07
1.34000000e+01   6.16173611e-07
1.34100000e+01   6.03548710e-07
1.34200000e+01   5.91172696e-07
1.34300000e+01   5.79040870e-07
1.34400000e+01   5.67148621e-07
1.34500000e+01   5.55491417e-07
1.34600000e+01   5.44064810e-07
1.34700000e+01   5.32864432e-07
1.34800000e+01   5.21885992e-07
1.34900000e+01   5.11125278e-07
1.35000000e+01   5.00578154e-07
1.35100000e+01   4.90240557e-07
1.35200000e+01   4.80108501e-07
1.35300000e+01   4.70178070e-07
1.35400000e+01   4.60445417e-07
1.35500000e+01   4.50906770e-07
1.35600000e+01   4.41558421e-07
1.35700000e+01   4.32396731e-07
1.35800000e+01   4.23418129e-07
1.35900000e+01   4.14619105e-07
1.36000000e+01   4.05996218e-07
1.36100000e+01   3.97546087e-07
1.36200000e+01   3.89265392e-07
1.36300000e+01   3.81150876e-07
1.36400000e+01   3.73199342e-07
1.36500000e+01   3.65407648e-07
1.36600000e+01   3.57772714e-07
1.36700000e+01   3.50291513e-07
1.36800000e+01   3.42961078e-07
1.36900000e+01   3.35778492e-07
1.37000000e+01   3.28740894e-07
1.37100000e+01   3.21845477e-07
1.37200000e+01   3.15089484e-07
1.37300000e+01   3.08470209e-07
1.37400000e+01   3.01984998e-07
1.37500000e+01   2.95631243e-07
1.37600000e+01   2.89406387e-07
1.37700000e+01   2.83307921e-07
1.37800000e+01   2.77333379e-07
1.37900000e+01   2.71480345e-07
1.38000000e+01   2.65746446e-07
1.38100000e+01   2.60129353e-07
1.38200000e+01   2.54626781e-07
1.38300000e+01   2.49236488e-07
1.38400000e+01   2.43956274e-07
1.38500000e+01   2.38783978e-07
1.38600000e+01   2.33717482e-07
1.38700000e+01   2.28754708e-07
1.38800000e+01   2.23893615e-07
1.38900000e+01   2.19132202e-07
1.39000000e+01   2.14468504e-07
1.39100000e+01   2.09900594e-07
1.39200000e+01   2.05426582e-07
1.39300000e+01   2.01044613e-07
1.39400000e+01   1.96752867e-07
1.39500000e+01   1.92549557e-07
1.39600000e+01   1.88432933e-07
1.39700000e+01   1.84401275e-07
1.39800000e+01   1.80452898e-07
1.39900000e+01   1.76586147e-07
1.40000000e+01   1.72799400e-07
1.40100000e+01   1.69091064e-07
1.40200000e+01   1.65459580e-07
1.40300000e+01   1.61903414e-07
1.40400000e+01   1.58421064e-07
1.40500000e+01   1.55011057e-07
1.40600000e+01   1.51671946e-07
1.40700000e+01   1.48402314e-07
1.40800000e+01   1.45200770e-07
1.40900000e+01   1.42065949e-07
1.41000000e+01   1.38996513e-07
1.41100000e+01   1.35991151e-07
1.41200000e+01   1.33048575e-07
1.41300000e+01   1.30167522e-07
1.41400000e+01   1.27346754e-07
1.41500000e+01   1.24585058e-07
1.41600000e+01   1.21881242e-07
1.41700000e+01   1.19234138e-07
1.41800000e+01   1.16642602e-07
1.41900000e+01   1.14105510e-07
1.42000000e+01   1.11621760e-07
1.42100000e+01   1.09190274e-07
1.42200000e+01   1.06809992e-07
1.42300000e+01   1.04479875e-07
1.42400000e+01   1.02198904e-07
1.42500000e+01   9.99660831e-08
1.42600000e+01   9.77804312e-08
1.42700000e+01   9.56409890e-08
1.42800000e+01   9.35468153e-08
1.42900000e+01   9.14969871e-08
1.43000000e+01   8.94905998e-08
1.43100000e+01   8.75267662e-08
1.43200000e+01   8.56046166e-08
1.43300000e+01   8.37232983e-08
1.43400000e+01   8.18819755e-08
1.43500000e+01   8.00798286e-08
1.43600000e+01   7.83160542e-08
1.43700000e+01   7.65898646e-08
1.43800000e+01   7.49004879e-08
1.43900000e+01   7.32471671e-08
1.44000000e+01   7.16291604e-08
1.44100000e+01   7.00457404e-08
1.44200000e+01   6.84961942e-08
1.44300000e+01   6.69798230e-08
1.44400000e+01   6.54959419e-08
1.44500000e+01   6.40438796e-08
1.44600000e+01   6.26229778e-08
1.44700000e+01   6.12325918e-08
1.44800000e+01   5.98720892e-08
1.44900000e+01   5.85408504e-08
1.45000000e+01   5.72382683e-08
1.45100000e+01   5.59637477e-08
1.45200000e+01   5.47167053e-08
1.45300000e+01   5.34965695e-08
1.45400000e+01   5.23027800e-08
1.45500000e+01   5.11347879e-08
1.45600000e+01   4.99920551e-08
1.45700000e+01   4.88740545e-08
1.45800000e+01   4.77802693e-08
1.45900000e+01   4.67101934e-08
1.46000000e+01   4.56633306e-08
1.46100000e+01   4.46391947e-08
1.46200000e+01   4.36373095e-08
1.46300000e+01   4.26572082e-08
1.46400000e+01   4.16984334e-08
1.46500000e+01   4.07605372e-08
1.46600000e+01   3.98430804e-08
1.46700000e+01   3.89456329e-08
1.46800000e+01   3.80677732e-08
1.46900000e+01   3.72090884e-08
1.47000000e+01   3.63691739e-08
1.47100000e+01   3.55476335e-08
1.47200000e+01   3.47440789e-08
1.47300000e+01   3.39581296e-08
1.47400000e+01   3.31894130e-08
1.47500000e+01   3.24375640e-08
1.47600000e+01   3.17022251e-08
1.47700000e+01   3.09830459e-08
1.47800000e+01   3.02796832e-08
1.47900000e+01   2.95918010e-08
1.48000000e+01   2.89190698e-08
1.48100000e+01   2.82611673e-08
1.48200000e+01   2.76177773e-08
1.48300000e+01   2.69885907e-08
1.48400000e+01   2.63733041e-08
1.48500000e+01   2.57716208e-08
1.48600000e+01   2.51832500e-08
1.48700000e+01   2.46079070e-08
1.48800000e+01   2.40453128e-08
1.48900000e+01   2.34951942e-08
1.49000000e+01   2.29572838e-08
1.49100000e+01   2.24313197e-08
1.49200000e+01   2.19170451e-08
1.49300000e+01   2.14142088e-08
1.49400000e+01   2.09225648e-08
1.49500000e+01   2.04418721e-08
1.49600000e+01   1.99718948e-08
1.49700000e+01   1.95124018e-08
1.49800000e+01   1.90631667e-08
1.49900000e+01   1.86239682e-08
1.50000000e+01   1.81945892e-08
