0.00000000e+00   0.00000000e+00
1.00000000e-02   3.15511640e-03
2.00000000e-02   6.31008135e-03
3.00000000e-02   9.46474342e-03
4.00000000e-02   1.26189512e-02
5.00000000e-02   1.57725534e-02
6.00000000e-02   1.89253985e-02
7.00000000e-02   2.20773354e-02
8.00000000e-02   2.52282129e-02
9.00000000e-02   2.83778799e-02
1.00000000e-01   3.15261853e-02
1.10000000e-01   3.46729783e-02
1.20000000e-01   3.78181081e-02
1.30000000e-01   4.09614240e-02
1.40000000e-01   4.41027755e-02
1.50000000e-01   4.72420124e-02
1.60000000e-01   5.03789843e-02
1.70000000e-01   5.35135414e-02
1.80000000e-01   5.66455338e-02
1.90000000e-01   5.97748119e-02
2.00000000e-01   6.29012264e-02
2.10000000e-01   6.60246281e-02
2.20000000e-01   6.91448681e-02
2.30000000e-01   7.22617977e-02
2.40000000e-01   7.53752686e-02
2.50000000e-01   7.84851326e-02
2.60000000e-01   8.15912418e-02
2.70000000e-01   8.46934489e-02
2.80000000e-01   8.77916065e-02
2.90000000e-01   9.08855677e-02
3.00000000e-01   9.39751861e-02
3.10000000e-01   9.70603153e-02
3.20000000e-01   1.00140810e-01
3.30000000e-01   1.03216523e-01
3.40000000e-01   1.06287311e-01
3.50000000e-01   1.09353029e-01
3.60000000e-01   1.12413533e-01
3.70000000e-01   1.15468677e-01
3.80000000e-01   1.18518320e-01
3.90000000e-01   1.21562318e-01
4.00000000e-01   1.24600528e-01
4.10000000e-01   1.27632808e-01
4.20000000e-01   1.30659017e-01
4.30000000e-01   1.33679013e-01
4.40000000e-01   1.36692656e-01
4.50000000e-01   1.39699806e-01
4.60000000e-01   1.42700322e-01
4.70000000e-01   1.45694067e-01
4.80000000e-01   1.48680900e-01
4.90000000e-01   1.51660684e-01
5.00000000e-01   1.54633282e-01
5.10000000e-01   1.57598557e-01
5.20000000e-01   1.60556372e-01
5.30000000e-01   1.63506591e-01
5.40000000e-01   1.66449080e-01
5.50000000e-01   1.69383703e-01
5.60000000e-01   1.72310327e-01
5.70000000e-01   1.75228819e-01
5.80000000e-01   1.78139045e-01
5.90000000e-01   1.81040875e-01
6.00000000e-01   1.83934175e-01
6.10000000e-01   1.86818817e-01
6.20000000e-01   1.89694669e-01
6.30000000e-01   1.92561602e-01
6.40000000e-01   1.95419489e-01
6.50000000e-01   1.98268200e-01
6.60000000e-01   2.01107608e-01
6.70000000e-01   2.03937588e-01
6.80000000e-01   2.06758014e-01
6.90000000e-01   2.09568759e-01
7.00000000e-01   2.12369701e-01
7.10000000e-01   2.15160716e-01
7.20000000e-01   2.17941681e-01
7.30000000e-01   2.20712473e-01
7.40000000e-01   2.23472973e-01
7.50000000e-01   2.26223059e-01
7.60000000e-01   2.28962613e-01
7.70000000e-01   2.31691515e-01
7.80000000e-01   2.34409647e-01
7.90000000e-01   2.37116893e-01
8.00000000e-01   2.39813137e-01
8.10000000e-01   2.42498262e-01
8.20000000e-01   2.45172154e-01
8.30000000e-01   2.47834701e-01
8.40000000e-01   2.50485789e-01
8.50000000e-01   2.53125305e-01
8.60000000e-01   2.55753140e-01
8.70000000e-01   2.58369184e-01
8.80000000e-01   2.60973326e-01
8.90000000e-01   2.63565459e-01
9.00000000e-01   2.66145475e-01
9.10000000e-01   2.68713268e-01
9.20000000e-01   2.71268733e-01
9.30000000e-01   2.73811765e-01
9.40000000e-01   2.76342260e-01
9.50000000e-01   2.78860116e-01
9.60000000e-01   2.81365231e-01
9.70000000e-01   2.83857504e-01
9.80000000e-01   2.86336836e-01
9.90000000e-01   2.88803128e-01
1.00000000e+00   2.91256282e-01
1.01000000e+00   2.93696201e-01
1.02000000e+00   2.96122791e-01
1.03000000e+00   2.98535954e-01
1.04000000e+00   3.00935600e-01
1.05000000e+00   3.03321633e-01
1.06000000e+00   3.05693963e-01
1.07000000e+00   3.08052500e-01
1.08000000e+00   3.10397153e-01
1.09000000e+00   3.12727833e-01
1.10000000e+00   3.15044454e-01
1.11000000e+00   3.17346929e-01
1.12000000e+00   3.19635172e-01
1.13000000e+00   3.21909100e-01
1.14000000e+00   3.24168628e-01
1.15000000e+00   3.26413674e-01
1.16000000e+00   3.28644158e-01
1.17000000e+00   3.30859999e-01
1.18000000e+00   3.33061119e-01
1.19000000e+00   3.35247438e-01
1.20000000e+00   3.37418882e-01
1.21000000e+00   3.39575373e-01
1.22000000e+00   3.41716837e-01
1.23000000e+00   3.43843201e-01
1.24000000e+00   3.45954393e-01
1.25000000e+00   3.48050340e-01
1.26000000e+00   3.50130974e-01
1.27000000e+00   3.52196224e-01
1.28000000e+00   3.54246023e-01
1.29000000e+00   3.56280304e-01
1.30000000e+00   3.58299002e-01
1.31000000e+00   3.60302051e-01
1.32000000e+00   3.62289389e-01
1.33000000e+00   3.64260954e-01
1.34000000e+00   3.66216683e-01
1.35000000e+00   3.68156517e-01
1.36000000e+00   3.70080398e-01
1.37000000e+00   3.71988267e-01
1.38000000e+00   3.73880068e-01
1.39000000e+00   3.75755746e-01
1.40000000e+00   3.77615246e-01
1.41000000e+00   3.79458516e-01
1.42000000e+00   3.81285503e-01
1.43000000e+00   3.83096156e-01
1.44000000e+00   3.84890427e-01
1.45000000e+00   3.86668265e-01
1.46000000e+00   3.88429626e-01
1.47000000e+00   3.90174461e-01
1.48000000e+00   3.91902726e-01
1.49000000e+00   3.93614378e-01
1.50000000e+00   3.95309373e-01
1.51000000e+00   3.96987671e-01
1.52000000e+00   3.98649231e-01
1.53000000e+00   4.00294013e-01
1.54000000e+00   4.01921980e-01
1.55000000e+00   4.03533095e-01
1.56000000e+00   4.05127323e-01
1.57000000e+00   4.06704628e-01
1.58000000e+00   4.08264979e-01
1.59000000e+00   4.09808341e-01
1.60000000e+00   4.11334686e-01
1.61000000e+00   4.12843982e-01
1.62000000e+00   4.14336201e-01
1.63000000e+00   4.15811315e-01
1.64000000e+00   4.17269300e-01
1.65000000e+00   4.18710128e-01
1.66000000e+00   4.20133777e-01
1.67000000e+00   4.21540223e-01
1.68000000e+00   4.22929444e-01
1.69000000e+00   4.24301422e-01
1.70000000e+00   4.25656135e-01
1.71000000e+00   4.26993566e-01
1.72000000e+00   4.28313697e-01
1.73000000e+00   4.29616514e-01
1.74000000e+00   4.30902000e-01
1.75000000e+00   4.32170144e-01
1.76000000e+00   4.33420931e-01
1.77000000e+00   4.34654351e-01
1.78000000e+00   4.35870394e-01
1.79000000e+00   4.37069051e-01
1.80000000e+00   4.38250313e-01
1.81000000e+00   4.39414175e-01
1.82000000e+00   4.40560630e-01
1.83000000e+00   4.41689674e-01
1.84000000e+00   4.42801304e-01
1.85000000e+00   4.43895517e-01
1.86000000e+00   4.44972313e-01
1.87000000e+00   4.46031691e-01
1.88000000e+00   4.47073652e-01
1.89000000e+00   4.48098199e-01
1.90000000e+00   4.49105335e-01
1.91000000e+00   4.50095065e-01
1.92000000e+00   4.51067394e-01
1.93000000e+00   4.52022328e-01
1.94000000e+00   4.52959876e-01
1.95000000e+00   4.53880046e-01
1.96000000e+00   4.54782848e-01
1.97000000e+00   4.55668293e-01
1.98000000e+00   4.56536393e-01
1.99000000e+00   4.57387161e-01
2.00000000e+00   4.58220612e-01
2.01000000e+00   4.59036761e-01
2.02000000e+00   4.59835623e-01
2.03000000e+00   4.60617217e-01
2.04000000e+00   4.61381561e-01
2.05000000e+00   4.62128674e-01
2.06000000e+00   4.62858576e-01
2.07000000e+00   4.63571290e-01
2.08000000e+00   4.64266837e-01
2.09000000e+00   4.64945242e-01
2.10000000e+00   4.65606529e-01
2.11000000e+00   4.66250723e-01
2.12000000e+00   4.66877851e-01
2.13000000e+00   4.67487941e-01
2.14000000e+00   4.68081021e-01
2.15000000e+00   4.68657121e-01
2.16000000e+00   4.69216272e-01
2.17000000e+00   4.69758504e-01
2.18000000e+00   4.70283851e-01
2.19000000e+00   4.70792346e-01
2.20000000e+00   4.71284023e-01
2.21000000e+00   4.71758919e-01
2.22000000e+00   4.72217068e-01
2.23000000e+00   4.72658509e-01
2.24000000e+00   4.73083280e-01
2.25000000e+00   4.73491419e-01
2.26000000e+00   4.73882967e-01
2.27000000e+00   4.74257966e-01
2.28000000e+00   4.74616456e-01
2.29000000e+00   4.74958481e-01
2.30000000e+00   4.75284084e-01
2.31000000e+00   4.75593310e-01
2.32000000e+00   4.75886205e-01
2.33000000e+00   4.76162814e-01
2.34000000e+00   4.76423185e-01
2.35000000e+00   4.76667366e-01
2.36000000e+00   4.76895406e-01
2.37000000e+00   4.77107355e-01
2.38000000e+00   4.77303264e-01
2.39000000e+00   4.77483183e-01
2.40000000e+00   4.77647165e-01
2.41000000e+00   4.77795263e-01
2.42000000e+00   4.77927532e-01
2.43000000e+00   4.78044025e-01
2.44000000e+00   4.78144799e-01
2.45000000e+00   4.78229909e-01
2.46000000e+00   4.78299413e-01
2.47000000e+00   4.78353369e-01
2.48000000e+00   4.78391834e-01
2.49000000e+00   4.78414870e-01
2.50000000e+00   4.78422535e-01
2.51000000e+00   4.78414890e-01
2.52000000e+00   4.78391998e-01
2.53000000e+00   4.78353920e-01
2.54000000e+00   4.78300719e-01
2.55000000e+00   4.78232460e-01
2.56000000e+00   4.78149207e-01
2.57000000e+00   4.78051025e-01
2.58000000e+00   4.77937979e-01
2.59000000e+00   4.77810136e-01
2.60000000e+00   4.77667565e-01
2.61000000e+00   4.77510331e-01
2.62000000e+00   4.77338504e-01
2.63000000e+00   4.77152153e-01
2.64000000e+00   4.76951349e-01
2.65000000e+00   4.76736160e-01
2.66000000e+00   4.76506658e-01
2.67000000e+00   4.76262916e-01
2.68000000e+00   4.76005005e-01
2.69000000e+00   4.75732998e-01
2.70000000e+00   4.75446968e-01
2.71000000e+00   4.75146990e-01
2.72000000e+00   4.74833138e-01
2.73000000e+00   4.74505488e-01
2.74000000e+00   4.74164114e-01
2.75000000e+00   4.73809094e-01
2.76000000e+00   4.73440504e-01
2.77000000e+00   4.73058422e-01
2.78000000e+00   4.72662925e-01
2.79000000e+00   4.72254091e-01
2.80000000e+00   4.71832000e-01
2.81000000e+00   4.71396732e-01
2.82000000e+00   4.70948365e-01
2.83000000e+00   4.70486980e-01
2.84000000e+00   4.70012658e-01
2.85000000e+00   4.69525480e-01
2.86000000e+00   4.69025528e-01
2.87000000e+00   4.68512885e-01
2.88000000e+00   4.67987632e-01
2.89000000e+00   4.67449853e-01
2.90000000e+00   4.66899631e-01
2.91000000e+00   4.66337050e-01
2.92000000e+00   4.65762194e-01
2.93000000e+00   4.65175148e-01
2.94000000e+00   4.64575997e-01
2.95000000e+00   4.63964826e-01
2.96000000e+00   4.63341722e-01
2.97000000e+00   4.62706770e-01
2.98000000e+00   4.62060056e-01
2.99000000e+00   4.61401668e-01
3.00000000e+00   4.60731693e-01
3.01000000e+00   4.60050218e-01
3.02000000e+00   4.59357331e-01
3.03000000e+00   4.58653119e-01
3.04000000e+00   4.57937673e-01
3.05000000e+00   4.57211079e-01
3.06000000e+00   4.56473428e-01
3.07000000e+00   4.55724808e-01
3.08000000e+00   4.54965308e-01
3.09000000e+00   4.54195020e-01
3.10000000e+00   4.53414032e-01
3.11000000e+00   4.52622435e-01
3.12000000e+00   4.51820319e-01
3.13000000e+00   4.51007775e-01
3.14000000e+00   4.50184894e-01
3.15000000e+00   4.49351767e-01
3.16000000e+00   4.48508486e-01
3.17000000e+00   4.47655141e-01
3.18000000e+00   4.46791825e-01
3.19000000e+00   4.45918630e-01
3.20000000e+00   4.45035647e-01
3.21000000e+00   4.44142968e-01
3.22000000e+00   4.43240687e-01
3.23000000e+00   4.42328895e-01
3.24000000e+00   4.41407685e-01
3.25000000e+00   4.40477150e-01
3.26000000e+00   4.39537382e-01
3.27000000e+00   4.38588475e-01
3.28000000e+00   4.37630522e-01
3.29000000e+00   4.36663615e-01
3.30000000e+00   4.35687848e-01
3.31000000e+00   4.34703315e-01
3.32000000e+00   4.33710108e-01
3.33000000e+00   4.32708321e-01
3.34000000e+00   4.31698048e-01
3.35000000e+00   4.30679382e-01
3.36000000e+00   4.29652416e-01
3.37000000e+00   4.28617245e-01
3.38000000e+00   4.27573962e-01
3.39000000e+00   4.26522660e-01
3.40000000e+00   4.25463433e-01
3.41000000e+00   4.24396375e-01
3.42000000e+00   4.23321579e-01
3.43000000e+00   4.22239140e-01
3.44000000e+00   4.21149149e-01
3.45000000e+00   4.20051702e-01
3.46000000e+00   4.18946892e-01
3.47000000e+00   4.17834812e-01
3.48000000e+00   4.16715555e-01
3.49000000e+00   4.15589216e-01
3.50000000e+00   4.14455886e-01
3.51000000e+00   4.13315660e-01
3.52000000e+00   4.12168631e-01
3.53000000e+00   4.11014891e-01
3.54000000e+00   4.09854534e-01
3.55000000e+00   4.08687652e-01
3.56000000e+00   4.07514339e-01
3.57000000e+00   4.06334686e-01
3.58000000e+00   4.05148787e-01
3.59000000e+00   4.03956733e-01
3.60000000e+00   4.02758618e-01
3.61000000e+00   4.01554533e-01
3.62000000e+00   4.00344569e-01
3.63000000e+00   3.99128820e-01
3.64000000e+00   3.97907376e-01
3.65000000e+00   3.96680330e-01
3.66000000e+00   3.95447771e-01
3.67000000e+00   3.94209793e-01
3.68000000e+00   3.92966484e-01
3.69000000e+00   3.91717937e-01
3.70000000e+00   3.90464241e-01
3.71000000e+00   3.89205488e-01
3.72000000e+00   3.87941767e-01
3.73000000e+00   3.86673167e-01
3.74000000e+00   3.85399780e-01
3.75000000e+00   3.84121694e-01
3.76000000e+00   3.82838998e-01
3.77000000e+00   3.81551782e-01
3.78000000e+00   3.80260135e-01
3.79000000e+00   3.78964144e-01
3.80000000e+00   3.77663898e-01
3.81000000e+00   3.76359485e-01
3.82000000e+00   3.75050992e-01
3.83000000e+00   3.73738508e-01
3.84000000e+00   3.72422119e-01
3.85000000e+00   3.71101913e-01
3.86000000e+00   3.69777975e-01
3.87000000e+00   3.68450392e-01
3.88000000e+00   3.67119250e-01
3.89000000e+00   3.65784635e-01
3.90000000e+00   3.64446632e-01
3.91000000e+00   3.63105327e-01
3.92000000e+00   3.61760803e-01
3.93000000e+00   3.60413145e-01
3.94000000e+00   3.59062439e-01
3.95000000e+00   3.57708766e-01
3.96000000e+00   3.56352211e-01
3.97000000e+00   3.54992857e-01
3.98000000e+00   3.53630787e-01
3.99000000e+00   3.52266082e-01
4.00000000e+00   3.50898825e-01
4.01000000e+00   3.49529098e-01
4.02000000e+00   3.48156982e-01
4.03000000e+00   3.46782558e-01
4.04000000e+00   3.45405906e-01
4.05000000e+00   3.44027107e-01
4.06000000e+00   3.42646241e-01
4.07000000e+00   3.41263386e-01
4.08000000e+00   3.39878623e-01
4.09000000e+00   3.38492029e-01
4.10000000e+00   3.37103683e-01
4.11000000e+00   3.35713663e-01
4.12000000e+00   3.34322046e-01
4.13000000e+00   3.32928909e-01
4.14000000e+00   3.31534329e-01
4.15000000e+00   3.30138383e-01
4.16000000e+00   3.28741145e-01
4.17000000e+00   3.27342692e-01
4.18000000e+00   3.25943098e-01
4.19000000e+00   3.24542438e-01
4.20000000e+00   3.23140786e-01
4.21000000e+00   3.21738216e-01
4.22000000e+00   3.20334801e-01
4.23000000e+00   3.18930614e-01
4.24000000e+00   3.17525726e-01
4.25000000e+00   3.16120211e-01
4.26000000e+00   3.14714140e-01
4.27000000e+00   3.13307583e-01
4.28000000e+00   3.11900611e-01
4.29000000e+00   3.10493295e-01
4.30000000e+00   3.09085704e-01
4.31000000e+00   3.07677907e-01
4.32000000e+00   3.06269973e-01
4.33000000e+00   3.04861970e-01
4.34000000e+00   3.03453966e-01
4.35000000e+00   3.02046029e-01
4.36000000e+00   3.00638225e-01
4.37000000e+00   2.99230621e-01
4.38000000e+00   2.97823282e-01
4.39000000e+00   2.96416275e-01
4.40000000e+00   2.95009664e-01
4.41000000e+00   2.93603513e-01
4.42000000e+00   2.92197888e-01
4.43000000e+00   2.90792850e-01
4.44000000e+00   2.89388464e-01
4.45000000e+00   2.87984791e-01
4.46000000e+00   2.86581894e-01
4.47000000e+00   2.85179835e-01
4.48000000e+00   2.83778675e-01
4.49000000e+00   2.82378473e-01
4.50000000e+00   2.80979291e-01
4.51000000e+00   2.79581188e-01
4.52000000e+00   2.78184223e-01
4.53000000e+00   2.76788455e-01
4.54000000e+00   2.75393941e-01
4.55000000e+00   2.74000740e-01
4.56000000e+00   2.72608908e-01
4.57000000e+00   2.71218503e-01
4.58000000e+00   2.69829579e-01
4.59000000e+00   2.68442194e-01
4.60000000e+00   2.67056401e-01
4.61000000e+00   2.65672257e-01
4.62000000e+00   2.64289813e-01
4.63000000e+00   2.62909125e-01
4.64000000e+00   2.61530246e-01
4.65000000e+00   2.60153227e-01
4.66000000e+00   2.58778122e-01
4.67000000e+00   2.57404981e-01
4.68000000e+00   2.56033855e-01
4.69000000e+00   2.54664796e-01
4.70000000e+00   2.53297853e-01
4.71000000e+00   2.51933076e-01
4.72000000e+00   2.50570514e-01
4.73000000e+00   2.49210215e-01
4.74000000e+00   2.47852227e-01
4.75000000e+00   2.46496598e-01
4.76000000e+00   2.45143375e-01
4.77000000e+00   2.43792604e-01
4.78000000e+00   2.42444331e-01
4.79000000e+00   2.41098602e-01
4.80000000e+00   2.39755461e-01
4.81000000e+00   2.38414954e-01
4.82000000e+00   2.37077123e-01
4.83000000e+00   2.35742013e-01
4.84000000e+00   2.34409666e-01
4.85000000e+00   2.33080125e-01
4.86000000e+00   2.31753432e-01
4.87000000e+00   2.30429627e-01
4.88000000e+00   2.29108753e-01
4.89000000e+00   2.27790849e-01
4.90000000e+00   2.26475955e-01
4.91000000e+00   2.25164110e-01
4.92000000e+00   2.23855354e-01
4.93000000e+00   2.22549725e-01
4.94000000e+00   2.21247261e-01
4.95000000e+00   2.19947999e-01
4.96000000e+00   2.18651976e-01
4.97000000e+00   2.17359228e-01
4.98000000e+00   2.16069792e-01
4.99000000e+00   2.14783702e-01
5.00000000e+00   2.13500994e-01
5.01000000e+00   2.12221701e-01
5.02000000e+00   2.10945859e-01
5.03000000e+00   2.09673500e-01
5.04000000e+00   2.08404657e-01
5.05000000e+00   2.07139363e-01
5.06000000e+00   2.05877649e-01
5.07000000e+00   2.04619548e-01
5.08000000e+00   2.03365090e-01
5.09000000e+00   2.02114305e-01
5.10000000e+00   2.00867224e-01
5.11000000e+00   1.99623876e-01
5.12000000e+00   1.98384291e-01
5.13000000e+00   1.97148496e-01
5.14000000e+00   1.95916521e-01
5.15000000e+00   1.94688392e-01
5.16000000e+00   1.93464136e-01
5.17000000e+00   1.92243782e-01
5.18000000e+00   1.91027354e-01
5.19000000e+00   1.89814878e-01
5.20000000e+00   1.88606380e-01
5.21000000e+00   1.87401885e-01
5.22000000e+00   1.86201417e-01
5.23000000e+00   1.85005000e-01
5.24000000e+00   1.83812657e-01
5.25000000e+00   1.82624412e-01
5.26000000e+00   1.81440287e-01
5.27000000e+00   1.80260303e-01
5.28000000e+00   1.79084484e-01
5.29000000e+00   1.77912849e-01
5.30000000e+00   1.76745420e-01
5.31000000e+00   1.75582218e-01
5.32000000e+00   1.74423261e-01
5.33000000e+00   1.73268569e-01
5.34000000e+00   1.72118162e-01
5.35000000e+00   1.70972057e-01
5.36000000e+00   1.69830274e-01
5.37000000e+00   1.68692829e-01
5.38000000e+00   1.67559741e-01
5.39000000e+00   1.66431025e-01
5.40000000e+00   1.65306699e-01
5.41000000e+00   1.64186777e-01
5.42000000e+00   1.63071277e-01
5.43000000e+00   1.61960213e-01
5.44000000e+00   1.60853600e-01
5.45000000e+00   1.59751452e-01
5.46000000e+00   1.58653783e-01
5.47000000e+00   1.57560607e-01
5.48000000e+00   1.56471937e-01
5.49000000e+00   1.55387785e-01
5.50000000e+00   1.54308164e-01
5.51000000e+00   1.53233086e-01
5.52000000e+00   1.52162562e-01
5.53000000e+00   1.51096603e-01
5.54000000e+00   1.50035221e-01
5.55000000e+00   1.48978426e-01
5.56000000e+00   1.47926227e-01
5.57000000e+00   1.46878634e-01
5.58000000e+00   1.45835657e-01
5.59000000e+00   1.44797304e-01
5.60000000e+00   1.43763584e-01
5.61000000e+00   1.42734505e-01
5.62000000e+00   1.41710074e-01
5.63000000e+00   1.40690299e-01
5.64000000e+00   1.39675188e-01
5.65000000e+00   1.38664746e-01
5.66000000e+00   1.37658980e-01
5.67000000e+00   1.36657896e-01
5.68000000e+00   1.35661499e-01
5.69000000e+00   1.34669795e-01
5.70000000e+00   1.33682789e-01
5.71000000e+00   1.32700485e-01
5.72000000e+00   1.31722888e-01
5.73000000e+00   1.30750000e-01
5.74000000e+00   1.29781827e-01
5.75000000e+00   1.28818370e-01
5.76000000e+00   1.27859633e-01
5.77000000e+00   1.26905619e-01
5.78000000e+00   1.25956330e-01
5.79000000e+00   1.25011767e-01
5.80000000e+00   1.24071932e-01
5.81000000e+00   1.23136826e-01
5.82000000e+00   1.22206451e-01
5.83000000e+00   1.21280807e-01
5.84000000e+00   1.20359894e-01
5.85000000e+00   1.19443712e-01
5.86000000e+00   1.18532262e-01
5.87000000e+00   1.17625542e-01
5.88000000e+00   1.16723552e-01
5.89000000e+00   1.15826290e-01
5.90000000e+00   1.14933756e-01
5.91000000e+00   1.14045946e-01
5.92000000e+00   1.13162860e-01
5.93000000e+00   1.12284495e-01
5.94000000e+00   1.11410849e-01
5.95000000e+00   1.10541918e-01
5.96000000e+00   1.09677699e-01
5.97000000e+00   1.08818189e-01
5.98000000e+00   1.07963385e-01
5.99000000e+00   1.07113282e-01
6.00000000e+00   1.06267877e-01
6.01000000e+00   1.05427164e-01
6.02000000e+00   1.04591139e-01
6.03000000e+00   1.03759797e-01
6.04000000e+00   1.02933133e-01
6.05000000e+00   1.02111142e-01
6.06000000e+00   1.01293817e-01
6.07000000e+00   1.00481153e-01
6.08000000e+00   9.96731437e-02
6.09000000e+00   9.88697825e-02
6.10000000e+00   9.80710627e-02
6.11000000e+00   9.72769774e-02
6.12000000e+00   9.64875197e-02
6.13000000e+00   9.57026821e-02
6.14000000e+00   9.49224570e-02
6.15000000e+00   9.41468367e-02
6.16000000e+00   9.33758131e-02
6.17000000e+00   9.26093781e-02
6.18000000e+00   9.18475232e-02
6.19000000e+00   9.10902397e-02
6.20000000e+00   9.03375189e-02
6.21000000e+00   8.95893517e-02
6.22000000e+00   8.88457287e-02
6.23000000e+00   8.81066407e-02
6.24000000e+00   8.73720778e-02
6.25000000e+00   8.66420304e-02
6.26000000e+00   8.59164884e-02
6.27000000e+00   8.51954415e-02
6.28000000e+00   8.44788793e-02
6.29000000e+00   8.37667914e-02
6.30000000e+00   8.30591668e-02
6.31000000e+00   8.23559948e-02
6.32000000e+00   8.16572641e-02
6.33000000e+00   8.09629636e-02
6.34000000e+00   8.02730816e-02
6.35000000e+00   7.95876068e-02
6.36000000e+00   7.89065271e-02
6.37000000e+00   7.82298308e-02
6.38000000e+00   7.75575058e-02
6.39000000e+00   7.68895397e-02
6.40000000e+00   7.62259201e-02
6.41000000e+00   7.55666346e-02
6.42000000e+00   7.49116704e-02
6.43000000e+00   7.42610146e-02
6.44000000e+00   7.36146544e-02
6.45000000e+00   7.29725764e-02
6.46000000e+00   7.23347675e-02
6.47000000e+00   7.17012142e-02
6.48000000e+00   7.10719031e-02
6.49000000e+00   7.04468204e-02
6.50000000e+00   6.98259523e-02
6.51000000e+00   6.92092850e-02
6.52000000e+00   6.85968043e-02
6.53000000e+00   6.79884962e-02
6.54000000e+00   6.73843462e-02
6.55000000e+00   6.67843401e-02
6.56000000e+00   6.61884633e-02
6.57000000e+00   6.55967011e-02
6.58000000e+00   6.50090388e-02
6.59000000e+00   6.44254617e-02
6.60000000e+00   6.38459546e-02
6.61000000e+00   6.32705027e-02
6.62000000e+00   6.26990906e-02
6.63000000e+00   6.21317033e-02
6.64000000e+00   6.15683252e-02
6.65000000e+00   6.10089411e-02
6.66000000e+00   6.04535353e-02
6.67000000e+00   5.99020923e-02
6.68000000e+00   5.93545963e-02
6.69000000e+00   5.88110315e-02
6.70000000e+00   5.82713821e-02
6.71000000e+00   5.77356322e-02
6.72000000e+00   5.72037656e-02
6.73000000e+00   5.66757663e-02
6.74000000e+00   5.61516181e-02
6.75000000e+00   5.56313048e-02
6.76000000e+00   5.51148100e-02
6.77000000e+00   5.46021173e-02
6.78000000e+00   5.40932103e-02
6.79000000e+00   5.35880725e-02
6.80000000e+00   5.30866873e-02
6.81000000e+00   5.25890379e-02
6.82000000e+00   5.20951079e-02
6.83000000e+00   5.16048803e-02
6.84000000e+00   5.11183384e-02
6.85000000e+00   5.06354653e-02
6.86000000e+00   5.01562441e-02
6.87000000e+00   4.96806579e-02
6.88000000e+00   4.92086896e-02
6.89000000e+00   4.87403222e-02
6.90000000e+00   4.82755386e-02
6.91000000e+00   4.78143217e-02
6.92000000e+00   4.73566543e-02
6.93000000e+00   4.69025191e-02
6.94000000e+00   4.64518991e-02
6.95000000e+00   4.60047767e-02
6.96000000e+00   4.55611349e-02
6.97000000e+00   4.51209562e-02
6.98000000e+00   4.46842232e-02
6.99000000e+00   4.42509186e-02
7.00000000e+00   4.38210249e-02
7.01000000e+00   4.33945247e-02
7.02000000e+00   4.29714006e-02
7.03000000e+00   4.25516350e-02
7.04000000e+00   4.21352105e-02
7.05000000e+00   4.17221094e-02
7.06000000e+00   4.13123144e-02
7.07000000e+00   4.09058078e-02
7.08000000e+00   4.05025721e-02
7.09000000e+00   4.01025897e-02
7.10000000e+00   3.97058431e-02
7.11000000e+00   3.93123146e-02
7.12000000e+00   3.89219866e-02
7.13000000e+00   3.85348416e-02
7.14000000e+00   3.81508619e-02
7.15000000e+00   3.77700300e-02
7.16000000e+00   3.73923282e-02
7.17000000e+00   3.70177389e-02
7.18000000e+00   3.66462446e-02
7.19000000e+00   3.62778276e-02
7.20000000e+00   3.59124704e-02
7.21000000e+00   3.55501553e-02
7.22000000e+00   3.51908648e-02
7.23000000e+00   3.48345813e-02
7.24000000e+00   3.44812873e-02
7.25000000e+00   3.41309652e-02
7.26000000e+00   3.37835975e-02
7.27000000e+00   3.34391666e-02
7.28000000e+00   3.30976551e-02
7.29000000e+00   3.27590454e-02
7.30000000e+00   3.24233202e-02
7.31000000e+00   3.20904619e-02
7.32000000e+00   3.17604531e-02
7.33000000e+00   3.14332764e-02
7.34000000e+00   3.11089145e-02
7.35000000e+00   3.07873499e-02
7.36000000e+00   3.04685653e-02
7.37000000e+00   3.01525435e-02
7.38000000e+00   2.98392671e-02
7.39000000e+00   2.95287188e-02
7.40000000e+00   2.92208815e-02
7.41000000e+00   2.89157380e-02
7.42000000e+00   2.86132710e-02
7.43000000e+00   2.83134635e-02
7.44000000e+00   2.80162983e-02
7.45000000e+00   2.77217584e-02
7.46000000e+00   2.74298267e-02
7.47000000e+00   2.71404863e-02
7.48000000e+00   2.68537202e-02
7.49000000e+00   2.65695114e-02
7.50000000e+00   2.62878431e-02
7.51000000e+00   2.60086985e-02
7.52000000e+00   2.57320607e-02
7.53000000e+00   2.54579129e-02
7.54000000e+00   2.51862385e-02
7.55000000e+00   2.49170208e-02
7.56000000e+00   2.46502431e-02
7.57000000e+00   2.43858889e-02
7.58000000e+00   2.41239416e-02
7.59000000e+00   2.38643846e-02
7.60000000e+00   2.36072017e-02
7.61000000e+00   2.33523763e-02
7.62000000e+00   2.30998920e-02
7.63000000e+00   2.28497327e-02
7.64000000e+00   2.26018820e-02
7.65000000e+00   2.23563237e-02
7.66000000e+00   2.21130417e-02
7.67000000e+00   2.18720199e-02
7.68000000e+00   2.16332422e-02
7.69000000e+00   2.13966926e-02
7.70000000e+00   2.11623551e-02
7.71000000e+00   2.09302140e-02
7.72000000e+00   2.07002533e-02
7.73000000e+00   2.04724573e-02
7.74000000e+00   2.02468102e-02
7.75000000e+00   2.00232964e-02
7.76000000e+00   1.98019003e-02
7.77000000e+00   1.95826063e-02
7.78000000e+00   1.93653989e-02
7.79000000e+00   1.91502627e-02
7.80000000e+00   1.89371823e-02
7.81000000e+00   1.87261424e-02
7.82000000e+00   1.85171278e-02
7.83000000e+00   1.83101231e-02
7.84000000e+00   1.81051134e-02
7.85000000e+00   1.79020836e-02
7.86000000e+00   1.77010185e-02
7.87000000e+00   1.75019033e-02
7.88000000e+00   1.73047231e-02
7.89000000e+00   1.71094631e-02
7.90000000e+00   1.69161085e-02
7.91000000e+00   1.67246446e-02
7.92000000e+00   1.65350568e-02
7.93000000e+00   1.63473305e-02
7.94000000e+00   1.61614512e-02
7.95000000e+00   1.59774045e-02
7.96000000e+00   1.57951759e-02
7.97000000e+00   1.56147513e-02
7.98000000e+00   1.54361164e-02
7.99000000e+00   1.52592570e-02
8.00000000e+00   1.50841589e-02
8.01000000e+00   1.49108082e-02
8.02000000e+00   1.47391909e-02
8.03000000e+00   1.45692931e-02
8.04000000e+00   1.44011009e-02
8.05000000e+00   1.42346006e-02
8.06000000e+00   1.40697785e-02
8.07000000e+00   1.39066210e-02
8.08000000e+00   1.37451144e-02
8.09000000e+00   1.35852454e-02
8.10000000e+00   1.34270004e-02
8.11000000e+00   1.32703662e-02
8.12000000e+00   1.31153294e-02
8.13000000e+00   1.29618768e-02
8.14000000e+00   1.28099954e-02
8.15000000e+00   1.26596719e-02
8.16000000e+00   1.25108935e-02
8.17000000e+00   1.23636471e-02
8.18000000e+00   1.22179200e-02
8.19000000e+00   1.20736993e-02
8.20000000e+00   1.19309722e-02
8.21000000e+00   1.17897263e-02
8.22000000e+00   1.16499488e-02
8.23000000e+00   1.15116272e-02
8.24000000e+00   1.13747492e-02
8.25000000e+00   1.12393024e-02
8.26000000e+00   1.11052743e-02
8.27000000e+00   1.09726530e-02
8.28000000e+00   1.08414261e-02
8.29000000e+00   1.07115815e-02
8.30000000e+00   1.05831074e-02
8.31000000e+00   1.04559917e-02
8.32000000e+00   1.03302226e-02
8.33000000e+00   1.02057882e-02
8.34000000e+00   1.00826769e-02
8.35000000e+00   9.96087693e-03
8.36000000e+00   9.84037678e-03
8.37000000e+00   9.72116491e-03
8.38000000e+00   9.60322989e-03
8.39000000e+00   9.48656032e-03
8.40000000e+00   9.37114493e-03
8.41000000e+00   9.25697247e-03
8.42000000e+00   9.14403178e-03
8.43000000e+00   9.03231178e-03
8.44000000e+00   8.92180145e-03
8.45000000e+00   8.81248984e-03
8.46000000e+00   8.70436607e-03
8.47000000e+00   8.59741935e-03
8.48000000e+00   8.49163893e-03
8.49000000e+00   8.38701414e-03
8.50000000e+00   8.28353440e-03
8.51000000e+00   8.18118918e-03
8.52000000e+00   8.07996802e-03
8.53000000e+00   7.97986054e-03
8.54000000e+00   7.88085643e-03
8.55000000e+00   7.78294543e-03
8.56000000e+00   7.68611738e-03
8.57000000e+00   7.59036217e-03
8.58000000e+00   7.49566975e-03
8.59000000e+00   7.40203017e-03
8.60000000e+00   7.30943352e-03
8.61000000e+00   7.21786998e-03
8.62000000e+00   7.12732977e-03
8.63000000e+00   7.03780322e-03
8.64000000e+00   6.94928069e-03
8.65000000e+00   6.86175263e-03
8.66000000e+00   6.77520955e-03
8.67000000e+00   6.68964203e-03
8.68000000e+00   6.60504072e-03
8.69000000e+00   6.52139632e-03
8.70000000e+00   6.43869963e-03
8.71000000e+00   6.35694150e-03
8.72000000e+00   6.27611282e-03
8.73000000e+00   6.19620460e-03
8.74000000e+00   6.11720788e-03
8.75000000e+00   6.03911377e-03
8.76000000e+00   5.96191345e-03
8.77000000e+00   5.88559818e-03
8.78000000e+00   5.81015926e-03
8.79000000e+00   5.73558807e-03
8.80000000e+00   5.66187605e-03
8.81000000e+00   5.58901472e-03
8.82000000e+00   5.51699564e-03
8.83000000e+00   5.44581045e-03
8.84000000e+00   5.37545085e-03
8.85000000e+00   5.30590862e-03
8.86000000e+00   5.23717556e-03
8.87000000e+00   5.16924359e-03
8.88000000e+00   5.10210465e-03
8.89000000e+00   5.03575076e-03
8.90000000e+00   4.97017401e-03
8.91000000e+00   4.90536653e-03
8.92000000e+00   4.84132053e-03
8.93000000e+00   4.77802828e-03
8.94000000e+00   4.71548212e-03
8.95000000e+00   4.65367442e-03
8.96000000e+00   4.59259765e-03
8.97000000e+00   4.53224431e-03
8.98000000e+00   4.47260698e-03
8.99000000e+00   4.41367830e-03
9.00000000e+00   4.35545094e-03
9.01000000e+00   4.29791768e-03
9.02000000e+00   4.24107132e-03
9.03000000e+00   4.18490474e-03
9.04000000e+00   4.12941086e-03
9.05000000e+00   4.07458268e-03
9.06000000e+00   4.02041324e-03
9.07000000e+00   3.96689566e-03
9.08000000e+00   3.91402308e-03
9.09000000e+00   3.86178875e-03
9.10000000e+00   3.81018593e-03
9.11000000e+00   3.75920796e-03
9.12000000e+00   3.70884823e-03
9.13000000e+00   3.65910019e-03
9.14000000e+00   3.60995736e-03
9.15000000e+00   3.56141327e-03
9.16000000e+00   3.51346157e-03
9.17000000e+00   3.46609590e-03
9.18000000e+00   3.41931001e-03
9.19000000e+00   3.37309766e-03
9.20000000e+00   3.32745271e-03
9.21000000e+00   3.28236902e-03
9.22000000e+00   3.23784055e-03
9.23000000e+00   3.19386130e-03
9.24000000e+00   3.15042530e-03
9.25000000e+00   3.10752667e-03
9.26000000e+00   3.06515955e-03
9.27000000e+00   3.02331815e-03
9.28000000e+00   2.98199673e-03
9.29000000e+00   2.94118960e-03
9.30000000e+00   2.90089112e-03
9.31000000e+00   2.86109571e-03
9.32000000e+00   2.82179781e-03
9.33000000e+00   2.78299195e-03
9.34000000e+00   2.74467268e-03
9.35000000e+00   2.70683462e-03
9.36000000e+00   2.66947244e-03
9.37000000e+00   2.63258083e-03
9.38000000e+00   2.59615457e-03
9.39000000e+00   2.56018844e-03
9.40000000e+00   2.52467733e-03
9.41000000e+00   2.48961611e-03
9.42000000e+00   2.45499976e-03
9.43000000e+00   2.42082326e-03
9.44000000e+00   2.38708165e-03
9.45000000e+00   2.35377004e-03
9.46000000e+00   2.32088356e-03
9.47000000e+00   2.28841739e-03
9.48000000e+00   2.25636676e-03
9.49000000e+00   2.22472694e-03
9.50000000e+00   2.19349327e-03
9.51000000e+00   2.16266109e-03
9.52000000e+00   2.13222583e-03
9.53000000e+00   2.10218292e-03
9.54000000e+00   2.07252788e-03
9.55000000e+00   2.04325623e-03
9.56000000e+00   2.01436357e-03
9.57000000e+00   1.98584552e-03
9.58000000e+00   1.95769775e-03
9.59000000e+00   1.92991597e-03
9.60000000e+00   1.90249593e-03
9.61000000e+00   1.87543343e-03
9.62000000e+00   1.84872431e-03
9.63000000e+00   1.82236444e-03
9.64000000e+00   1.79634974e-03
9.65000000e+00   1.77067617e-03
9.66000000e+00   1.74533973e-03
9.67000000e+00   1.72033645e-03
9.68000000e+00   1.69566242e-03
9.69000000e+00   1.67131376e-03
9.70000000e+00   1.64728662e-03
9.71000000e+00   1.62357719e-03
9.72000000e+00   1.60018171e-03
9.73000000e+00   1.57709646e-03
9.74000000e+00   1.55431773e-03
9.75000000e+00   1.53184189e-03
9.76000000e+00   1.50966531e-03
9.77000000e+00   1.48778441e-03
9.78000000e+00   1.46619566e-03
9.79000000e+00   1.44489554e-03
9.80000000e+00   1.42388060e-03
9.81000000e+00   1.40314739e-03
9.82000000e+00   1.38269252e-03
9.83000000e+00   1.36251262e-03
9.84000000e+00   1.34260437e-03
9.85000000e+00   1.32296447e-03
9.86000000e+00   1.30358967e-03
9.87000000e+00   1.28447674e-03
9.88000000e+00   1.26562249e-03
9.89000000e+00   1.24702376e-03
9.90000000e+00   1.22867743e-03
9.91000000e+00   1.21058041e-03
9.92000000e+00   1.19272964e-03
9.93000000e+00   1.17512209e-03
9.94000000e+00   1.15775478e-03
9.95000000e+00   1.14062473e-03
9.96000000e+00   1.12372903e-03
9.97000000e+00   1.10706477e-03
9.98000000e+00   1.09062908e-03
9.99000000e+00   1.07441912e-03
1.00000000e+01   1.05843210e-03
1.00100000e+01   1.04266524e-03
1.00200000e+01   1.02711579e-03
1.00300000e+01   1.01178103e-03
1.00400000e+01   9.96658284e-04
1.00500000e+01   9.81744889e-04
1.00600000e+01   9.67038219e-04
1.00700000e+01   9.52535674e-04
1.00800000e+01   9.38234685e-04
1.00900000e+01   9.24132710e-04
1.01000000e+01   9.10227235e-04
1.01100000e+01   8.96515772e-04
1.01200000e+01   8.82995864e-04
1.01300000e+01   8.69665079e-04
1.01400000e+01   8.56521013e-04
1.01500000e+01   8.43561288e-04
1.01600000e+01   8.30783553e-04
1.01700000e+01   8.18185483e-04
1.01800000e+01   8.05764780e-04
1.01900000e+01   7.93519171e-04
1.02000000e+01   7.81446409e-04
1.02100000e+01   7.69544272e-04
1.02200000e+01   7.57810563e-04
1.02300000e+01   7.46243111e-04
1.02400000e+01   7.34839768e-04
1.02500000e+01   7.23598412e-04
1.02600000e+01   7.12516944e-04
1.02700000e+01   7.01593290e-04
1.02800000e+01   6.90825399e-04
1.02900000e+01   6.80211244e-04
1.03000000e+01   6.69748821e-04
1.03100000e+01   6.59436149e-04
1.03200000e+01   6.49271271e-04
1.03300000e+01   6.39252251e-04
1.03400000e+01   6.29377177e-04
1.03500000e+01   6.19644157e-04
1.03600000e+01   6.10051323e-04
1.03700000e+01   6.00596829e-04
1.03800000e+01   5.91278848e-04
1.03900000e+01   5.82095578e-04
1.04000000e+01   5.73045236e-04
1.04100000e+01   5.64126059e-04
1.04200000e+01   5.55336307e-04
1.04300000e+01   5.46674260e-04
1.04400000e+01   5.38138217e-04
1.04500000e+01   5.29726498e-04
1.04600000e+01   5.21437443e-04
1.04700000e+01   5.13269412e-04
1.04800000e+01   5.05220785e-04
1.04900000e+01   4.97289959e-04
1.05000000e+01   4.89475353e-04
1.05100000e+01   4.81775404e-04
1.05200000e+01   4.74188566e-04
1.05300000e+01   4.66713313e-04
1.05400000e+01   4.59348139e-04
1.05500000e+01   4.52091554e-04
1.05600000e+01   4.44942087e-04
1.05700000e+01   4.37898283e-04
1.05800000e+01   4.30958707e-04
1.05900000e+01   4.24121942e-04
1.06000000e+01   4.17386585e-04
1.06100000e+01   4.10751252e-04
1.06200000e+01   4.04214577e-04
1.06300000e+01   3.97775209e-04
1.06400000e+01   3.91431815e-04
1.06500000e+01   3.85183077e-04
1.06600000e+01   3.79027693e-04
1.06700000e+01   3.72964380e-04
1.06800000e+01   3.66991867e-04
1.06900000e+01   3.61108901e-04
1.07000000e+01   3.55314245e-04
1.07100000e+01   3.49606675e-04
1.07200000e+01   3.43984985e-04
1.07300000e+01   3.38447982e-04
1.07400000e+01   3.32994490e-04
1.07500000e+01   3.27623344e-04
1.07600000e+01   3.22333398e-04
1.07700000e+01   3.17123518e-04
1.07800000e+01   3.11992584e-04
1.07900000e+01   3.06939492e-04
1.08000000e+01   3.01963149e-04
1.08100000e+01   2.97062479e-04
1.08200000e+01   2.92236418e-04
1.08300000e+01   2.87483916e-04
1.08400000e+01   2.82803935e-04
1.08500000e+01   2.78195452e-04
1.08600000e+01   2.73657457e-04
1.08700000e+01   2.69188951e-04
1.08800000e+01   2.64788950e-04
1.08900000e+01   2.60456482e-04
1.09000000e+01   2.56190585e-04
1.09100000e+01   2.51990315e-04
1.09200000e+01   2.47854734e-04
1.09300000e+01   2.43782919e-04
1.09400000e+01   2.39773961e-04
1.09500000e+01   2.35826958e-04
1.09600000e+01   2.31941024e-04
1.09700000e+01   2.28115283e-04
1.09800000e+01   2.24348868e-04
1.09900000e+01   2.20640928e-04
1.10000000e+01   2.16990620e-04
1.10100000e+01   2.13397112e-04
1.10200000e+01   2.09859583e-04
1.10300000e+01   2.06377226e-04
1.10400000e+01   2.02949239e-04
1.10500000e+01   1.99574835e-04
1.10600000e+01   1.96253237e-04
1.10700000e+01   1.92983675e-04
1.10800000e+01   1.89765393e-04
1.10900000e+01   1.86597642e-04
1.11000000e+01   1.83479687e-04
1.11100000e+01   1.80410797e-04
1.11200000e+01   1.77390256e-04
1.11300000e+01   1.74417355e-04
1.11400000e+01   1.71491394e-04
1.11500000e+01   1.68611685e-04
1.11600000e+01   1.65777547e-04
1.11700000e+01   1.62988308e-04
1.11800000e+01   1.60243306e-04
1.11900000e+01   1.57541887e-04
1.12000000e+01   1.54883409e-04
1.12100000e+01   1.52267233e-04
1.12200000e+01   1.49692734e-04
1.12300000e+01   1.47159292e-04
1.12400000e+01   1.44666298e-04
1.12500000e+01   1.42213149e-04
1.12600000e+01   1.39799251e-04
1.12700000e+01   1.37424020e-04
1.12800000e+01   1.35086876e-04
1.12900000e+01   1.32787251e-04
1.13000000e+01   1.30524582e-04
1.13100000e+01   1.28298316e-04
1.13200000e+01   1.26107905e-04
1.13300000e+01   1.23952810e-04
1.13400000e+01   1.21832500e-04
1.13500000e+01   1.19746451e-04
1.13600000e+01   1.17694145e-04
1.13700000e+01   1.15675072e-04
1.13800000e+01   1.13688731e-04
1.13900000e+01   1.11734624e-04
1.14000000e+01   1.09812263e-04
1.14100000e+01   1.07921166e-04
1.14200000e+01   1.06060858e-04
1.14300000e+01   1.04230869e-04
1.14400000e+01   1.02430738e-04
1.14500000e+01   1.00660008e-04
1.14600000e+01   9.89182315e-05
1.14700000e+01   9.72049644e-05
1.14800000e+01   9.55197702e-05
1.14900000e+01   9.38622183e-05
1.15000000e+01   9.22318844e-05
1.15100000e+01   9.06283498e-05
1.15200000e+01   8.90512020e-05
1.15300000e+01   8.75000345e-05
1.15400000e+01   8.59744461e-05
1.15500000e+01   8.44740418e-05
1.15600000e+01   8.29984320e-05
1.15700000e+01   8.15472326e-05
1.15800000e+01   8.01200652e-05
1.15900000e+01   7.87165567e-05
1.16000000e+01   7.73363392e-05
1.16100000e+01   7.59790503e-05
1.16200000e+01   7.46443328e-05
1.16300000e+01   7.33318345e-05
1.16400000e+01   7.20412085e-05
1.16500000e+01   7.07721126e-05
1.16600000e+01   6.95242098e-05
1.16700000e+01   6.82971678e-05
1.16800000e+01   6.70906594e-05
1.16900000e+01   6.59043619e-05
1.17000000e+01   6.47379572e-05
1.17100000e+01   6.35911322e-05
1.17200000e+01   6.24635781e-05
1.17300000e+01   6.13549907e-05
1.17400000e+01   6.02650701e-05
1.17500000e+01   5.91935210e-05
1.17600000e+01   5.81400523e-05
1.17700000e+01   5.71043773e-05
1.17800000e+01   5.60862134e-05
1.17900000e+01   5.50852821e-05
1.18000000e+01   5.41013092e-05
1.18100000e+01   5.31340244e-05
1.18200000e+01   5.21831614e-05
1.18300000e+01   5.12484581e-05
1.18400000e+01   5.03296558e-05
1.18500000e+01   4.94265001e-05
1.18600000e+01   4.85387402e-05
1.18700000e+01   4.76661290e-05
1.18800000e+01   4.68084231e-05
1.18900000e+01   4.59653827e-05
1.19000000e+01   4.51367718e-05
1.19100000e+01   4.43223576e-05
1.19200000e+01   4.35219111e-05
1.19300000e+01   4.27352065e-05
1.19400000e+01   4.19620216e-05
1.19500000e+01   4.12021373e-05
1.19600000e+01   4.04553380e-05
1.19700000e+01   3.97214114e-05
1.19800000e+01   3.90001482e-05
1.19900000e+01   3.82913423e-05
1.20000000e+01   3.75947910e-05
1.20100000e+01   3.69102942e-05
1.20200000e+01   3.62376554e-05
1.20300000e+01   3.55766806e-05
1.20400000e+01   3.49271790e-05
1.20500000e+01   3.42889626e-05
1.20600000e+01   3.36618465e-05
1.20700000e+01   3.30456483e-05
1.20800000e+01   3.24401887e-05
1.20900000e+01   3.18452909e-05
1.21000000e+01   3.12607809e-05
1.21100000e+01   3.06864875e-05
1.21200000e+01   3.01222419e-05
1.21300000e+01   2.95678782e-05
1.21400000e+01   2.90232327e-05
1.21500000e+01   2.84881446e-05
1.21600000e+01   2.79624553e-05
1.21700000e+01   2.74460088e-05
1.21800000e+01   2.69386515e-05
1.21900000e+01   2.64402322e-05
1.22000000e+01   2.59506019e-05
1.22100000e+01   2.54696142e-05
1.22200000e+01   2.49971247e-05
1.22300000e+01   2.45329915e-05
1.22400000e+01   2.40770747e-05
1.22500000e+01   2.36292367e-05
1.22600000e+01   2.31893422e-05
1.22700000e+01   2.27572576e-05
1.22800000e+01   2.23328519e-05
1.22900000e+01   2.19159959e-05
1.23000000e+01   2.15065624e-05
1.23100000e+01   2.11044262e-05
1.23200000e+01   2.07094644e-05
1.23300000e+01   2.03215555e-05
1.23400000e+01   1.99405804e-05
1.23500000e+01   1.95664216e-05
1.23600000e+01   1.91989637e-05
1.23700000e+01   1.88380929e-05
1.23800000e+01   1.84836974e-05
1.23900000e+01   1.81356669e-05
1.24000000e+01   1.77938933e-05
1.24100000e+01   1.74582698e-05
1.24200000e+01   1.71286916e-05
1.24300000e+01   1.68050554e-05
1.24400000e+01   1.64872596e-05
1.24500000e+01   1.61752044e-05
1.24600000e+01   1.58687913e-05
1.24700000e+01   1.55679235e-05
1.24800000e+01   1.52725060e-05
1.24900000e+01   1.49824449e-05
1.25000000e+01   1.46976482e-05
1.25100000e+01   1.44180253e-05
1.25200000e+01   1.41434868e-05
1.25300000e+01   1.38739450e-05
1.25400000e+01   1.36093137e-05
1.25500000e+01   1.33495078e-05
1.25600000e+01   1.30944439e-05
1.25700000e+01   1.28440398e-05
1.25800000e+01   1.25982146e-05
1.25900000e+01   1.23568887e-05
1.26000000e+01   1.21199841e-05
1.26100000e+01   1.18874236e-05
1.26200000e+01   1.16591317e-05
1.26300000e+01   1.14350339e-05
1.26400000e+01   1.12150569e-05
1.26500000e+01   1.09991288e-05
1.26600000e+01   1.07871787e-05
1.26700000e+01   1.05791369e-05
1.26800000e+01   1.03749350e-05
1.26900000e+01   1.01745055e-05
1.27000000e+01   9.97778225e-06
1.27100000e+01   9.78469997e-06
1.27200000e+01   9.59519460e-06
1.27300000e+01   9.40920312e-06
1.27400000e+01   9.22666354e-06
1.27500000e+01   9.04751491e-06
1.27600000e+01   8.87169730e-06
1.27700000e+01   8.69915177e-06
1.27800000e+01   8.52982036e-06
1.27900000e+01   8.36364610e-06
1.28000000e+01   8.20057295e-06
1.28100000e+01   8.04054582e-06
1.28200000e+01   7.88351054e-06
1.28300000e+01   7.72941385e-06
1.28400000e+01   7.57820338e-06
1.28500000e+01   7.42982767e-06
1.28600000e+01   7.28423608e-06
1.28700000e+01   7.14137885e-06
1.28800000e+01   7.00120708e-06
1.28900000e+01   6.86367265e-06
1.29000000e+01   6.72872829e-06
1.29100000e+01   6.59632752e-06
1.29200000e+01   6.46642465e-06
1.29300000e+01   6.33897476e-06
1.29400000e+01   6.21393370e-06
1.29500000e+01   6.09125808e-06
1.29600000e+01   5.97090522e-06
1.29700000e+01   5.85283320e-06
1.29800000e+01   5.73700079e-06
1.29900000e+01   5.62336750e-06
1.30000000e+01   5.51189349e-06
1.30100000e+01   5.40253963e-06
1.30200000e+01   5.29526746e-06
1.30300000e+01   5.19003917e-06
1.30400000e+01   5.08681760e-06
1.30500000e+01   4.98556624e-06
1.30600000e+01   4.88624921e-06
1.30700000e+01   4.78883123e-06
1.30800000e+01   4.69327766e-06
1.30900000e+01   4.59955442e-06
1.31000000e+01   4.50762805e-06
1.31100000e+01   4.41746566e-06
1.31200000e+01   4.32903493e-06
1.31300000e+01   4.24230410e-06
1.31400000e+01   4.15724197e-06
1.31500000e+01   4.07381787e-06
1.31600000e+01   3.99200168e-06
1.31700000e+01   3.91176379e-06
1.31800000e+01   3.83307511e-06
1.31900000e+01   3.75590707e-06
1.32000000e+01   3.68023159e-06
1.32100000e+01   3.60602108e-06
1.32200000e+01   3.53324845e-06
1.32300000e+01   3.46188705e-06
1.32400000e+01   3.39191074e-06
1.32500000e+01   3.32329382e-06
1.32600000e+01   3.25601104e-06
1.32700000e+01   3.19003759e-06
1.32800000e+01   3.12534912e-06
1.32900000e+01   3.06192170e-06
1.33000000e+01   2.99973181e-06
1.33100000e+01   2.93875636e-06
1.33200000e+01   2.87897267e-06
1.33300000e+01   2.82035845e-06
1.33400000e+01   2.76289182e-06
1.33500000e+01   2.70655129e-06
1.33600000e+01   2.65131574e-06
1.33700000e+01   2.59716442e-06
1.33800000e+01   2.54407699e-06
1.33900000e+01   2.49203342e-06
1.34000000e+01   2.44101408e-06
1.34100000e+01   2.39099967e-06
1.34200000e+01   2.34197124e-06
1.34300000e+01   2.29391018e-06
1.34400000e+01   2.24679822e-06
1.34500000e+01   2.20061740e-06
1.34600000e+01   2.15535012e-06
1.34700000e+01   2.11097905e-06
1.34800000e+01   2.06748720e-06
1.34900000e+01   2.02485790e-06
1.35000000e+01   1.98307474e-06
1.35100000e+01   1.94212164e-06
1.35200000e+01   1.90198280e-06
1.35300000e+01   1.86264272e-06
1.35400000e+01   1.82408615e-06
1.35500000e+01   1.78629814e-06
1.35600000e+01   1.74926401e-06
1.35700000e+01   1.71296935e-06
1.35800000e+01   1.67740000e-06
1.35900000e+01   1.64254206e-06
1.36000000e+01   1.60838190e-06
1.36100000e+01   1.57490613e-06
1.36200000e+01   1.54210159e-06
1.36300000e+01   1.50995538e-06
1.36400000e+01   1.47845483e-06
1.36500000e+01   1.44758750e-06
1.36600000e+01   1.41734118e-06
1.36700000e+01   1.38770389e-06
1.36800000e+01   1.35866387e-06
1.36900000e+01   1.33020956e-06
1.37000000e+01   1.30232963e-06
1.37100000e+01   1.27501296e-06
1.37200000e+01   1.24824863e-06
1.37300000e+01   1.22202592e-06
1.37400000e+01   1.19633431e-06
1.37500000e+01   1.17116347e-06
1.37600000e+01   1.14650328e-06
1.37700000e+01   1.12234379e-06
1.37800000e+01   1.09867523e-06
1.37900000e+01   1.07548804e-06
1.38000000e+01   1.05277280e-06
1.38100000e+01   1.03052030e-06
1.38200000e+01   1.00872148e-06
1.38300000e+01   9.87367467e-07
1.38400000e+01   9.66449534e-07
1.38500000e+01   9.45959129e-07
1.38600000e+01   9.25887860e-07
1.38700000e+01   9.06227489e-07
1.38800000e+01   8.86969935e-07
1.38900000e+01   8.68107269e-07
1.39000000e+01   8.49631709e-07
1.39100000e+01   8.31535621e-07
1.39200000e+01   8.13811516e-07
1.39300000e+01   7.96452044e-07
1.39400000e+01   7.79449996e-07
1.39500000e+01   7.62798296e-07
1.39600000e+01   7.46490006e-07
1.39700000e+01   7.30518317e-07
1.39800000e+01   7.14876549e-07
1.39900000e+01   6.99558149e-07
1.40000000e+01   6.84556690e-07
1.40100000e+01   6.69865866e-07
1.40200000e+01   6.55479490e-07
1.40300000e+01   6.41391494e-07
1.40400000e+01   6.27595927e-07
1.40500000e+01   6.14086948e-07
1.40600000e+01   6.00858832e-07
1.40700000e+01   5.87905960e-07
1.40800000e+01   5.75222822e-07
1.40900000e+01   5.62804014e-07
1.41000000e+01   5.50644235e-07
1.41100000e+01   5.38738286e-07
1.41200000e+01   5.27081067e-07
1.41300000e+01   5.15667578e-07
1.41400000e+01   5.04492913e-07
1.41500000e+01   4.93552263e-07
1.41600000e+01   4.82840910e-07
1.41700000e+01   4.72354227e-07
1.41800000e+01   4.62087678e-07
1.41900000e+01   4.52036814e-07
1.42000000e+01   4.42197271e-07
1.42100000e+01   4.32564771e-07
1.42200000e+01   4.23135118e-07
1.42300000e+01   4.13904199e-07
1.42400000e+01   4.04867980e-07
1.42500000e+01   3.96022504e-07
1.42600000e+01   3.87363894e-07
1.42700000e+01   3.78888347e-07
1.42800000e+01   3.70592134e-07
1.42900000e+01   3.62471599e-07
1.43000000e+01   3.54523158e-07
1.43100000e+01   3.46743296e-07
1.43200000e+01   3.39128568e-07
1.43300000e+01   3.31675597e-07
1.43400000e+01   3.24381070e-07
1.43500000e+01   3.17241741e-07
1.43600000e+01   3.10254428e-07
1.43700000e+01   3.03416009e-07
1.43800000e+01   2.96723427e-07
1.43900000e+01   2.90173684e-07
1.44000000e+01   2.83763839e-07
1.44100000e+01   2.77491012e-07
1.44200000e+01   2.71352378e-07
1.44300000e+01   2.65345169e-07
1.44400000e+01   2.59466673e-07
1.44500000e+01   2.53714228e-07
1.44600000e+01   2.48085228e-07
1.44700000e+01   2.42577118e-07
1.44800000e+01   2.37187394e-07
1.44900000e+01   2.31913600e-07
1.45000000e+01   2.26753331e-07
1.45100000e+01   2.21704231e-07
1.45200000e+01   2.16763986e-07
1.45300000e+01   2.11930334e-07
1.45400000e+01   2.07201055e-07
1.45500000e+01   2.02573974e-07
1.45600000e+01   1.98046960e-07
1.45700000e+01   1.93617924e-07
1.45800000e+01   1.89284819e-07
1.45900000e+01   1.85045639e-07
1.46000000e+01   1.80898420e-07
1.46100000e+01   1.76841236e-07
1.46200000e+01   1.72872199e-07
1.46300000e+01   1.68989460e-07
1.46400000e+01   1.65191208e-07
1.46500000e+01   1.61475668e-07
1.46600000e+01   1.57841100e-07
1.46700000e+01   1.54285800e-07
1.46800000e+01   1.50808098e-07
1.46900000e+01   1.47406359e-07
1.47000000e+01   1.44078981e-07
1.47100000e+01   1.40824392e-07
1.47200000e+01   1.37641055e-07
1.47300000e+01   1.34527463e-07
1.47400000e+01   1.31482139e-07
1.47500000e+01   1.28503638e-07
1.47600000e+01   1.25590542e-07
1.47700000e+01   1.22741464e-07
1.47800000e+01   1.19955045e-07
1.47900000e+01   1.17229952e-07
1.48000000e+01   1.14564881e-07
1.48100000e+01   1.11958555e-07
1.48200000e+01   1.09409722e-07
1.48300000e+01   1.06917156e-07
1.48400000e+01   1.04479656e-07
1.48500000e+01   1.02096046e-07
1.48600000e+01   9.97651747e-08
1.48700000e+01   9.74859137e-08
1.48800000e+01   9.52571580e-08
1.48900000e+01   9.30778257e-08
1.49000000e+01   9.09468568e-08
1.49100000e+01   8.88632135e-08
1.49200000e+01   8.68258794e-08
1.49300000e+01   8.48338590e-08
1.49400000e+01   8.28861775e-08
1.49500000e+01   8.09818805e-08
1.49600000e+01   7.91200330e-08
1.49700000e+01   7.72997198e-08
1.49800000e+01   7.55200444e-08
1.49900000e+01   7.37801292e-08
1.50000000e+01   7.20791148e-08
