# Spherical Bessel functions via up and down recursion   Relative Difference
 0.1  7.27151e-21      342.674    0.0499375 1
 0.2  7.44117e-18    -0.137159    0.0995008 1
 0.3  4.28629e-16  0.000390826     0.148319 1
 0.4  7.59991e-15  -0.00036629     0.196027 1
 0.5  7.06412e-14 -2.15357e-05     0.242268 1
 0.6  4.36347e-13  3.81548e-06     0.286701 1
 0.7  2.03269e-12 -7.70117e-07     0.328996 1
 0.8  7.70146e-12 -3.54664e-07     0.368842 1
 0.9  2.49168e-11  2.76932e-08      0.40595 0.998202
 1  7.11655e-11  4.00101e-08     0.440051 0.996449
 1.1  1.83743e-10   5.8603e-09     0.470902 0.939199
 1.2  4.36435e-10 -4.87673e-09     0.498289 1
 1.3  9.66437e-10 -1.53303e-09     0.522023 1
 1.4  2.01587e-09   2.2603e-09     0.541948 0.0571605
 1.5  3.99344e-09  3.44968e-09     0.557937 0.0730562
 1.6  7.56302e-09  7.33667e-09     0.569896 0.0151915
 1.7  1.37675e-08  1.37292e-08     0.577765 0.00139181
 1.8  2.41974e-08  2.41995e-08     0.581517 4.5029e-05
 1.9  4.12159e-08  4.12451e-08     0.581157 0.000353877
 2   6.8253e-08   6.8342e-08     0.576725 0.000651432
 2.1  1.10183e-07  1.10187e-07     0.568292 1.68076e-05
 2.2  1.73803e-07    1.738e-07     0.555963 7.07783e-06
 2.3  2.68424e-07  2.68439e-07     0.539873 2.7824e-05
 2.4  4.06607e-07  4.06602e-07     0.520185 5.17784e-06
 2.5  6.05044e-07  6.05046e-07     0.497094 1.62631e-06
 2.6  8.85624e-07  8.85626e-07     0.470818 9.74511e-07
 2.7   1.2767e-06   1.2767e-06     0.441601 1.25992e-06
 2.8  1.81454e-06  1.81454e-06     0.409709 2.70945e-08
 2.9  2.54511e-06  2.54511e-06     0.375427 1.17073e-07
 3    3.526e-06    3.526e-06     0.339059 1.41152e-07
 3.1  4.82872e-06  4.82872e-06     0.300921 2.86083e-08
 3.2  6.54125e-06  6.54125e-06     0.261343 2.02068e-08
 3.3  8.77095e-06  8.77095e-06     0.220663 4.14132e-09
 3.4  1.16478e-05  1.16478e-05     0.179226 1.31765e-08
 3.5  1.53278e-05  1.53278e-05     0.137378 7.75816e-09
 3.6  1.99971e-05  1.99971e-05    0.0954655 2.57509e-10
 3.7  2.58762e-05  2.58762e-05     0.053834 3.53174e-10
 3.8  3.32244e-05  3.32244e-05     0.012821 2.27277e-10
 3.9  4.23449e-05  4.23449e-05    -0.027244 6.96858e-10
 4  5.35899e-05  5.35899e-05   -0.0660433 3.34704e-10
 4.1  6.73664e-05  6.73664e-05    -0.103273 4.29169e-10
 4.2   8.4142e-05   8.4142e-05    -0.138647 2.35539e-10
 4.3  0.000104451  0.000104451    -0.171897 4.58833e-11
 4.4    0.0001289    0.0001289    -0.202776 4.03643e-11
 4.5  0.000158175  0.000158175     -0.23106 3.45301e-12
 4.6  0.000193049  0.000193049    -0.256553 1.71579e-11
 4.7  0.000234387  0.000234387    -0.279081 4.59725e-12
 4.8  0.000283151  0.000283151      -0.2985 8.30448e-12
 4.9   0.00034041   0.00034041    -0.314695 4.0791e-12
 5  0.000407344  0.000407344    -0.327579 3.76289e-12
 5.1  0.000485251  0.000485251    -0.337097 5.34671e-13
 5.2  0.000575549  0.000575549    -0.343223 2.23302e-12
 5.3  0.000679785  0.000679785    -0.345961 2.65658e-12
 5.4  0.000799638  0.000799638    -0.345345 1.98783e-12
 5.5  0.000936921  0.000936921    -0.341438 5.68242e-13
 5.6   0.00109358   0.00109358    -0.334333 2.31893e-13
 5.7   0.00127172   0.00127172    -0.324148 2.73498e-13
 5.8   0.00147355   0.00147355    -0.311028 8.50339e-13
 5.9   0.00170144   0.00170144    -0.295142 2.77002e-13
 6    0.0019579    0.0019579    -0.276684 1.95698e-13
 6.1   0.00224557   0.00224557    -0.255865 6.56634e-15
 6.2   0.00256719   0.00256719    -0.232917 1.19773e-13
 6.3   0.00292567   0.00292567    -0.208087 3.42418e-14
 6.4   0.00332398   0.00332398    -0.181638 5.67545e-14
 6.5   0.00376523   0.00376523    -0.153841 1.49734e-14
 6.6   0.00425259   0.00425259     -0.12498 1.12178e-14
 6.7   0.00478932   0.00478932   -0.0953421 6.51971e-15
 6.8   0.00537873   0.00537873   -0.0652187 2.49949e-15
 6.9   0.00602416   0.00602416   -0.0349021 7.91893e-16
 7   0.00672899   0.00672899  -0.00468282 1.1472e-14
 7.1   0.00749656   0.00749656    0.0251533 7.75199e-15
 7.2    0.0083302    0.0083302    0.0543274 2.18657e-14
 7.3   0.00923319   0.00923319    0.0825704 6.29395e-15
 7.4    0.0102087    0.0102087     0.109625 8.9211e-15
 7.5    0.0112598    0.0112598     0.135248 1.77172e-15
 7.6    0.0123895    0.0123895     0.159214 3.92045e-15
 7.7    0.0136003    0.0136003     0.181313 9.6938e-15
 7.8     0.014895     0.014895     0.201357 4.25092e-15
 7.9    0.0162757    0.0162757     0.219179 1.01254e-14
 8    0.0177444    0.0177444     0.234636 2.053e-15
 8.1    0.0193028    0.0193028     0.247608 5.75162e-15
 8.2    0.0209522    0.0209522     0.257999 2.56663e-15
 8.3    0.0226934    0.0226934     0.265739 1.52884e-15
 8.4    0.0245269    0.0245269     0.270786 1.83891e-15
 8.5    0.0264527    0.0264527     0.273122 2.95102e-15
 8.6    0.0284703    0.0284703     0.272755 2.43724e-16
 8.7    0.0305786    0.0305786     0.269719 3.40379e-16
 8.8     0.032776     0.032776     0.264074 1.37609e-15
 8.9    0.0350602    0.0350602     0.255902 2.17705e-15
 9    0.0374283    0.0374283     0.245312 3.70783e-16
 9.1    0.0398769    0.0398769     0.232431 3.48016e-16
 9.2    0.0424016    0.0424016     0.217409 1.30917e-15
 9.3    0.0449977    0.0449977     0.200414 1.54206e-16
 9.4    0.0476594    0.0476594     0.181632 5.09576e-16
 9.5    0.0503806    0.0503806     0.161264 2.20367e-15
 9.6     0.053154     0.053154     0.139525 1.30543e-16
 9.7     0.055972     0.055972     0.116639 4.95883e-16
 9.8    0.0588261    0.0588261    0.0928401 2.35912e-16
 9.9    0.0617071    0.0617071    0.0683698 5.62244e-17
 10    0.0646052    0.0646052    0.0434727 1.07405e-16
 10.1    0.0675097    0.0675097    0.0183955 1.02784e-16
 10.2    0.0704095    0.0704095  -0.00661574 0
 10.3    0.0732929    0.0732929   -0.0313178 5.68041e-16
 10.4    0.0761475    0.0761475   -0.0554728 4.55622e-16
 10.5    0.0789605    0.0789605     -0.07885 8.78781e-17
 10.6    0.0817185    0.0817185    -0.101229 1.69824e-16
 10.7    0.0844079    0.0844079    -0.122399 8.22067e-17
 10.8    0.0870147    0.0870147    -0.142167 0
 10.9    0.0895245    0.0895245     -0.16035 7.75083e-17
 11    0.0919228    0.0919228    -0.176785 3.01944e-16
 11.1    0.0941951    0.0941951    -0.191328 0
 11.2    0.0963266    0.0963266    -0.203853 7.20351e-17
 11.3    0.0983029    0.0983029    -0.214255 0
 11.4     0.100109     0.100109    -0.222451 1.38626e-16
 11.5     0.101732     0.101732    -0.228379 6.82074e-17
 11.6     0.103157     0.103157       -0.232 2.01796e-16
 11.7     0.104371     0.104371      -0.2333 1.32965e-16
 11.8     0.105362     0.105362    -0.232285 6.58579e-17
 11.9     0.106116     0.106116    -0.228983 1.3078e-16
 12     0.106623     0.106623    -0.223447 6.50791e-17
 12.1     0.106871     0.106871    -0.215749 1.29855e-16
 12.2     0.106852     0.106852    -0.205982 5.19512e-16
 12.3     0.106557     0.106557    -0.194259 1.30238e-16
 12.4     0.105979     0.105979     -0.18071 1.24401e-15
 12.5      0.10511      0.10511    -0.165484 6.66755e-15
 12.6     0.103947     0.103947    -0.148742 4.67279e-16
 12.7     0.102485     0.102485    -0.130662 1.35412e-16
 12.8     0.100723     0.100723    -0.111432 2.75562e-16
 12.9    0.0986605    0.0986605   -0.0912483 1.40662e-16
 13    0.0962976    0.0962976   -0.0703181 2.1617e-16
 13.1    0.0936373    0.0936373   -0.0488525 7.4104e-17
 13.2    0.0906837    0.0906837   -0.0270667 2.29553e-16
 13.3     0.087443     0.087443  -0.00517748 7.93534e-17
 13.4    0.0839226    0.0839226     0.016599 8.26821e-17
 13.5    0.0801317    0.0801317    0.0380493 8.65936e-17
 13.6    0.0760815    0.0760815    0.0589646 3.64814e-16
 13.7    0.0717845    0.0717845    0.0791428 0
 13.8    0.0672549    0.0672549    0.0983905 0
 13.9    0.0625087    0.0625087     0.116525 3.33021e-16
 14    0.0575631    0.0575631     0.133375 0
 14.1    0.0524371    0.0524371     0.148784 0
 14.2    0.0471508    0.0471508     0.162611 2.20746e-16
 14.3    0.0417258    0.0417258     0.174729 2.49446e-16
 14.4    0.0361849    0.0361849     0.185032 9.58812e-17
 14.5    0.0305517    0.0305517     0.193429 2.83899e-16
 14.6    0.0248512    0.0248512     0.199853 3.49022e-16
 14.7    0.0191089    0.0191089     0.204251 3.63123e-16
 14.8    0.0133512    0.0133512     0.206596 8.44547e-16
 14.9   0.00760479   0.00760479     0.206876 9.12437e-16
 15   0.00189698   0.00189698     0.205104 4.74379e-15
 15.1   -0.0037448   -0.0037448      0.20131 1.50551e-15
 15.2  -0.00929304  -0.00929304     0.195545 1.86669e-16
 15.3   -0.0147204   -0.0147204     0.187879 8.83839e-16
 15.4   -0.0199996   -0.0199996       0.1784 5.20427e-16
 15.5   -0.0251042   -0.0251042     0.167213 2.07302e-16
 15.6   -0.0300082   -0.0300082      0.15444 3.00603e-15
 15.7   -0.0346863   -0.0346863     0.140216 1.92045e-14
 15.8   -0.0391144   -0.0391144     0.124691 1.3305e-15
 15.9   -0.0432695   -0.0432695     0.108028 3.20729e-16
 16   -0.0471297   -0.0471297    0.0903972 7.36148e-16
 16.1   -0.0506751   -0.0506751    0.0719794 6.16181e-16
 16.2   -0.0538868   -0.0538868    0.0529615 5.15072e-16
 16.3   -0.0567482   -0.0567482    0.0335351 1.83413e-16
 16.4   -0.0592443   -0.0592443    0.0138947 2.92808e-16
 16.5   -0.0613623   -0.0613623  -0.00576421 0
 16.6   -0.0630915   -0.0630915   -0.0252471 1.09982e-16
 16.7   -0.0644233   -0.0644233   -0.0443624 1.07708e-16
 16.8   -0.0653516   -0.0653516   -0.0629232 0
 16.9   -0.0658727   -0.0658727   -0.0807493 0
 17   -0.0659853   -0.0659853   -0.0976685 1.05158e-16
 17.1   -0.0656904   -0.0656904    -0.113519 1.0563e-16
 17.2   -0.0649918   -0.0649918     -0.12815 0
 17.3   -0.0638955   -0.0638955    -0.141423 1.08597e-16
 17.4   -0.0624103   -0.0624103    -0.153216 0
 17.5   -0.0605472   -0.0605472     -0.16342 5.73015e-17
 17.6   -0.0583197   -0.0583197    -0.171943 1.1898e-16
 17.7   -0.0557437   -0.0557437     -0.17871 0
 17.8   -0.0528371   -0.0528371    -0.183663 1.31326e-16
 17.9   -0.0496201   -0.0496201    -0.186765 1.3984e-16
 18   -0.0461151   -0.0461151    -0.187995 7.52345e-17
 18.1   -0.0423461   -0.0423461     -0.18735 0
 18.2    -0.038339    -0.038339    -0.184848 9.0494e-17
 18.3   -0.0341211   -0.0341211    -0.180523 0
 18.4   -0.0297214   -0.0297214    -0.174428 0
 18.5   -0.0251698   -0.0251698    -0.166634 0
 18.6   -0.0204974   -0.0204974    -0.157225 8.46315e-17
 18.7    -0.015736    -0.015736    -0.146305 2.20479e-16
 18.8    -0.010918    -0.010918     -0.13399 5.56101e-16
 18.9  -0.00607635  -0.00607635    -0.120408 1.64155e-15
 19  -0.00124385  -0.00124385    -0.105701 2.10939e-14
 19.1   0.00354662   0.00354662   -0.0900216 3.72954e-15
 19.2   0.00826254   0.00826254    -0.073529 1.04975e-15
 19.3    0.0128719    0.0128719   -0.0563913 4.71688e-16
 19.4    0.0173436    0.0173436   -0.0387816 0
 19.5    0.0216473    0.0216473   -0.0208771 8.01357e-17
 19.6    0.0257541    0.0257541  -0.00285657 2.69428e-16
 19.7    0.0296365    0.0296365    0.0151006 0
 19.8    0.0332684    0.0332684    0.0328168 1.04286e-16
 19.9    0.0366259    0.0366259    0.0501174 9.47266e-17
 20    0.0396867    0.0396867    0.0668331 8.74209e-17
 20.1    0.0424309    0.0424309     0.082801 0
 20.2    0.0448409    0.0448409    0.0978664 1.54745e-16
 20.3    0.0469014    0.0469014     0.111884 0
 20.4    0.0485998    0.0485998     0.124721 2.14164e-16
 20.5     0.049926     0.049926     0.136255 0
 20.6    0.0508727    0.0508727     0.146377 1.36397e-16
 20.7    0.0514356    0.0514356     0.154995 6.74523e-17
 20.8    0.0516127    0.0516127     0.162031 3.36104e-16
 20.9    0.0514054    0.0514054     0.167421 0
 21    0.0508175    0.0508175      0.17112 0
 21.1    0.0498558    0.0498558       0.1731 0
 21.2    0.0485298    0.0485298     0.173349 2.14473e-16
 21.3    0.0468517    0.0468517     0.171873 1.48103e-16
 21.4    0.0448362    0.0448362     0.168694 7.73805e-17
 21.5    0.0425006    0.0425006     0.163852 8.16328e-17
 21.6    0.0398645    0.0398645     0.157403 1.74062e-16
 21.7    0.0369497    0.0369497     0.149417 1.87793e-16
 21.8    0.0337799    0.0337799     0.139982 5.13538e-16
 21.9    0.0303808    0.0303808     0.129198 1.14199e-15
 22    0.0267796    0.0267796     0.117178 1.04292e-14
 22.1    0.0230053    0.0230053     0.104046 4.52433e-16
 22.2    0.0190876    0.0190876    0.0899387 2.72647e-16
 22.3    0.0150576    0.0150576    0.0749998 2.59214e-15
 22.4    0.0109468    0.0109468    0.0593815 5.54638e-16
 22.5   0.00678764   0.00678764     0.043242 3.32242e-15
 22.6   0.00261241   0.00261241    0.0267439 4.98024e-16
 22.7  -0.00154642  -0.00154642    0.0100524 2.73431e-15
 22.8  -0.00565665  -0.00565665  -0.00666567 4.60005e-16
 22.9   -0.0096866   -0.0096866   -0.0232443 1.70131e-15
 23   -0.0136053   -0.0136053   -0.0395193 1.27503e-16
 23.1   -0.0173829   -0.0173829   -0.0553305 2.99385e-16
 23.2   -0.0209906   -0.0209906   -0.0705228 1.65286e-16
 23.3   -0.0244011   -0.0244011   -0.0849479 7.1092e-17
 23.4   -0.0275888   -0.0275888   -0.0984658 6.28777e-17
 23.5   -0.0305301   -0.0305301    -0.110946 2.27281e-16
 23.6   -0.0332031   -0.0332031    -0.122269 4.17967e-16
 23.7   -0.0355884   -0.0355884    -0.132328 0
 23.8   -0.0376688   -0.0376688    -0.141027 1.84208e-16
 23.9   -0.0394298   -0.0394298    -0.148285 2.63971e-16
 24   -0.0408593   -0.0408593    -0.154038 8.49121e-17
 24.1   -0.0419479   -0.0419479    -0.158233 8.27085e-17
 24.2   -0.0426891   -0.0426891    -0.160837 0
 24.3   -0.0430792   -0.0430792    -0.161828 8.05365e-17
 24.4   -0.0431172   -0.0431172    -0.161204 8.04655e-17
 24.5   -0.0428051   -0.0428051    -0.158978 8.10522e-17
 24.6   -0.0421475   -0.0421475    -0.155179 1.64633e-16
 24.7   -0.0411521   -0.0411521     -0.14985 9.27387e-16
 24.8   -0.0398289   -0.0398289    -0.143051 3.48435e-16
 24.9   -0.0381909   -0.0381909    -0.134856 9.08449e-17
 25   -0.0362533   -0.0362533     -0.12535 9.57002e-17
 25.1   -0.0340338   -0.0340338    -0.114635 1.19271e-14
 25.2   -0.0315523   -0.0315523    -0.102821 9.78632e-15
 25.3   -0.0288308   -0.0288308   -0.0900295 2.28643e-15
 25.4    -0.025893    -0.025893   -0.0763926 2.00987e-16
 25.5   -0.0227645   -0.0227645   -0.0620485 0
 25.6   -0.0194722   -0.0194722   -0.0471429 1.06904e-15
 25.7   -0.0160443   -0.0160443   -0.0318259 9.7309e-16
 25.8   -0.0125098   -0.0125098   -0.0162515 6.93349e-16
 25.9   -0.0088986   -0.0088986 -0.000575547 2.92415e-16
 26  -0.00524117  -0.00524117    0.0150457 1.90314e-15
 26.1   -0.0015681   -0.0015681    0.0304572 1.05786e-14
 26.2   0.00209002   0.00209002    0.0455065 3.00876e-15
 26.3   0.00570284   0.00570284    0.0600453 2.96581e-15
 26.4   0.00924054   0.00924054    0.0739309 2.81594e-16
 26.5    0.0126741    0.0126741    0.0870278 1.36872e-16
 26.6    0.0159753    0.0159753    0.0992087 0
 26.7    0.0191176    0.0191176     0.110356 5.44438e-16
 26.8    0.0220754    0.0220754     0.120362 3.14327e-16
 26.9    0.0248251    0.0248251     0.129133 2.79511e-16
 27    0.0273448    0.0273448     0.136585 2.53755e-16
 27.1    0.0296148    0.0296148     0.142649 0
 27.2    0.0316174    0.0316174      0.14727 0
 27.3    0.0333373    0.0333373     0.150407 2.08142e-16
 27.4    0.0347618    0.0347618     0.152034 1.99613e-16
 27.5    0.0358805    0.0358805     0.152142 1.93389e-16
 27.6    0.0366858    0.0366858     0.150734 3.78288e-16
 27.7    0.0371727    0.0371727     0.147829 7.46665e-16
 27.8    0.0373391    0.0373391     0.143462 9.29173e-17
 27.9    0.0371854    0.0371854     0.137682 0
 28    0.0367149    0.0367149     0.130551 2.83491e-16
 28.1    0.0359334    0.0359334     0.122146 2.60691e-15
 28.2    0.0348496    0.0348496     0.112553 3.28531e-15
 28.3    0.0334743    0.0334743     0.101873 6.63328e-15
 28.4    0.0318213    0.0318213    0.0902161 2.39864e-15
 28.5    0.0299061    0.0299061    0.0777014 1.79817e-15
 28.6    0.0277469    0.0277469    0.0644564 6.25195e-17
 28.7    0.0253636    0.0253636    0.0506155 7.52336e-16
 28.8     0.022778     0.022778    0.0363185 9.90051e-16
 28.9    0.0200136    0.0200136    0.0217093 1.73355e-16
 29    0.0170952    0.0170952    0.0069342 7.10322e-16
 29.1    0.0140488    0.0140488  -0.00785907 1.17304e-15
 29.2    0.0109016    0.0109016   -0.0225233 1.59125e-16
 29.3   0.00768137   0.00768137    -0.036913 4.40379e-15
 29.4   0.00441632   0.00441632   -0.0508859 6.97217e-15
 29.5   0.00113502   0.00113502   -0.0643044 2.74149e-14
 29.6  -0.00213397  -0.00213397   -0.0770368 7.92586e-15
 29.7  -0.00536236  -0.00536236   -0.0889586 1.12416e-14
 29.8  -0.00852234  -0.00852234   -0.0999541 5.39408e-15
 29.9   -0.0115868   -0.0115868    -0.109917 5.24004e-15
 30   -0.0145296   -0.0145296    -0.118751 6.86504e-15
 30.1   -0.0173259   -0.0173259    -0.126373 8.21009e-15
 30.2    -0.019952    -0.019952     -0.13271 9.12919e-15
 30.3   -0.0223861   -0.0223861    -0.137704 9.91887e-15
 30.4   -0.0246079   -0.0246079    -0.141309 1.3253e-14
 30.5   -0.0265991   -0.0265991    -0.143494 1.79347e-14
 30.6   -0.0283438   -0.0283438    -0.144243 2.38079e-14
 30.7    -0.029828    -0.029828    -0.143551 3.23356e-14
 30.8   -0.0310401   -0.0310401    -0.141432 4.67212e-14
 30.9    -0.031971    -0.031971    -0.137909 6.86922e-14
 31   -0.0326142   -0.0326142    -0.133024 1.06698e-13
 31.1   -0.0329656   -0.0329656    -0.126829 1.77337e-13
 31.2   -0.0330237   -0.0330237     -0.11939 3.30727e-13
 31.3   -0.0327896   -0.0327896    -0.110786 7.99707e-13
 31.4   -0.0322671   -0.0322671    -0.101104 7.63507e-12
 31.5   -0.0314624   -0.0314624   -0.0904457 1.90772e-12
 31.6   -0.0303841   -0.0303841   -0.0789198 1.16567e-12
 31.7   -0.0290434   -0.0290434   -0.0666438 1.02232e-12
 31.8   -0.0274534   -0.0274534   -0.0537424 1.03742e-12
 31.9   -0.0256296   -0.0256296   -0.0403458 1.14637e-12
 32   -0.0235896   -0.0235896    -0.026589 1.34501e-12
 32.1   -0.0213525   -0.0213525   -0.0126102 1.6584e-12
 32.2   -0.0189393   -0.0189393   0.00145081 2.13505e-12
 32.3   -0.0163724   -0.0163724    0.0154538 2.87506e-12
 32.4   -0.0136755   -0.0136755    0.0292594 4.0697e-12
 32.5   -0.0108732   -0.0108732    0.0427309 6.1307e-12
 32.6  -0.00799105  -0.00799105    0.0557351 1.01065e-11
 32.7  -0.00505518  -0.00505518     0.068144 1.95638e-11
 32.8  -0.00209203  -0.00209203    0.0798357 5.84536e-11
 32.9  0.000871812  0.000871812    0.0906962 1.74999e-10
 33   0.00380989   0.00380989      0.10062 5.04089e-11
 33.1   0.00669608   0.00669608      0.10951 3.64233e-11
 33.2   0.00950488   0.00950488     0.117282 3.28761e-11
 33.3    0.0122116    0.0122116     0.123862 3.30913e-11
 33.4    0.0147924    0.0147924     0.129188 3.56739e-11
 33.5    0.0172251    0.0172251     0.133209 4.04401e-11
 33.6    0.0194884    0.0194884     0.135891 4.77508e-11
 33.7    0.0215631    0.0215631     0.137211 5.84571e-11
 33.8    0.0234315    0.0234315     0.137159 7.40703e-11
 33.9    0.0250779    0.0250779     0.135739 9.72276e-11
 34    0.0264886    0.0264886     0.132971 1.32703e-10
 34.1    0.0276523    0.0276523     0.128886 1.89802e-10
 34.2    0.0285598    0.0285598     0.123527 2.88811e-10
 34.3    0.0292041    0.0292041     0.116953 4.8263e-10
 34.4     0.029581     0.029581     0.109232 9.60896e-10
 34.5    0.0296883    0.0296883     0.100445 3.24133e-09
 34.6    0.0295265    0.0295265    0.0906817 5.46706e-09
 34.7    0.0290986    0.0290986    0.0800427 2.05357e-09
 34.8    0.0284096    0.0284096    0.0686363 1.53787e-09
 34.9    0.0274672    0.0274672    0.0565784 1.40442e-09
 35    0.0262813    0.0262813    0.0439909 1.41995e-09
 35.1    0.0248637    0.0248637    0.0310009 1.53369e-09
 35.2    0.0232286    0.0232286    0.0177387 1.74066e-09
 35.3    0.0213919    0.0213919   0.00433727 2.05899e-09
 35.4    0.0193711    0.0193711  -0.00906947 2.52924e-09
 35.5    0.0171858    0.0171858    -0.022348 3.22527e-09
 35.6    0.0148563    0.0148563   -0.0353663 4.2814e-09
 35.7    0.0124048    0.0124048   -0.0479955 5.95691e-09
 35.8   0.00985399   0.00985399   -0.0601109 8.80816e-09
 35.9   0.00722765   0.00722765   -0.0715932 1.42481e-08
 36   0.00455003   0.00455003   -0.0823298 2.7108e-08
 36.1   0.00184575   0.00184575   -0.0922158 8.0767e-08
 36.2 -0.000860425 -0.000860425    -0.101155 2.11281e-07
 36.3  -0.00354383  -0.00354383    -0.109061 6.31185e-08
 36.4  -0.00618013  -0.00618013    -0.115858 4.4946e-08
 36.5  -0.00874551  -0.00874551    -0.121481 3.98266e-08
 36.6   -0.0112169   -0.0112169    -0.125877 3.93452e-08
 36.7   -0.0135722   -0.0135722    -0.129007 4.16806e-08
 36.8   -0.0157906   -0.0157906    -0.130841 4.65262e-08
 36.9   -0.0178523   -0.0178523    -0.131366 5.42699e-08
 37   -0.0197393   -0.0197393     -0.13058 6.5935e-08
 37.1   -0.0214353   -0.0214353    -0.128494 8.34877e-08
 37.2   -0.0229256   -0.0229256    -0.125132 1.10687e-07
 37.3   -0.0241976   -0.0241976    -0.120532 1.55295e-07
 37.4   -0.0252408   -0.0252408    -0.114742 2.3579e-07
 37.5   -0.0260466   -0.0260466    -0.107823 4.08377e-07
 37.6   -0.0266089   -0.0266088   -0.0998481 9.57634e-07
 37.7   -0.0269167   -0.0269235   -0.0908984 0.000126213
 37.8    -0.026989    -0.026989    -0.081066 1.32791e-06
 37.9   -0.0268059   -0.0268059   -0.0704512 8.06149e-07
 38   -0.0263771   -0.0263771   -0.0591619 6.58224e-07
 38.1   -0.0257077   -0.0257077   -0.0473123 6.11422e-07
 38.2   -0.0248049    -0.024805    -0.035022 6.13207e-07
 38.3   -0.0236784   -0.0236784   -0.0224146 6.49034e-07
 38.4   -0.0223394   -0.0223394  -0.00961658 7.16677e-07
 38.5   -0.0208013   -0.0208013   0.00324407 8.20651e-07
 38.6   -0.0190792   -0.0190793     0.016039 9.71778e-07
 38.7     -0.01719     -0.01719    0.0286409 1.18955e-06
 38.8   -0.0151517   -0.0151518    0.0409247 1.50807e-06
 38.9    -0.012984    -0.012984    0.0527687 1.98944e-06
 39   -0.0107073   -0.0107074    0.0640561 2.75594e-06
 39.1  -0.00834336  -0.00834342    0.0746758 4.08e-06
 39.2  -0.00591425  -0.00591433    0.0845237 6.70163e-06
 39.3  -0.00344278  -0.00344287    0.0935036 1.35261e-05
 39.4 -0.000951982 -0.000952092     0.101528 5.7989e-05
 39.5   0.00153503   0.00153489      0.10852 4.30323e-05
 39.6   0.00399526    0.0039951     0.114412 1.99706e-05
 39.7   0.00640607   0.00640588     0.119148 1.51985e-05
 39.8   0.00874539   0.00874515     0.122684 1.37371e-05
 39.9    0.0109919    0.0109916     0.124987 1.36553e-05
 40    0.0131252    0.0131248     0.126038 1.44946e-05
 40.1     0.015126    0.0151256      0.12583 1.62162e-05
 40.2    0.0169765    0.0169759     0.124367 1.90267e-05
 40.3    0.0186602    0.0186594     0.121668 2.34251e-05
 40.4    0.0201623    0.0201611     0.117762 3.0455e-05
 40.5    0.0214699     0.021468     0.112691 4.24624e-05
 40.6    0.0225718    0.0225689     0.106508 6.57784e-05
 40.7    0.0234602    0.0234544    0.0992787 0.00012488
 40.8    0.0241407    0.0241172    0.0910769 0.000485457
 40.9    0.0245338    0.0245524    0.0819868 0.000378951
 41    0.0247487    0.0247567    0.0721013 0.000162504
 41.1    0.0247237    0.0247295    0.0615207 0.000116348
 41.2    0.0244671    0.0244719    0.0503522 9.90106e-05
 41.3     0.023983    0.0239875    0.0387086 9.24286e-05
 41.4    0.0232774    0.0232817     0.026707 9.17037e-05
 41.5    0.0223578    0.0223621    0.0144681 9.52183e-05
 41.6    0.0212339    0.0212383   0.00211434 0.000102614
 41.7     0.019917    0.0199216   -0.0102309 0.000114261
 41.8    0.0184203    0.0184252   -0.0224445 0.000131186
 41.9    0.0167586    0.0167638    -0.034405 0.00015527
 42     0.014948    0.0149537   -0.0459939 0.000189747
 42.1    0.0130062    0.0130124   -0.0570965 0.000240322
 42.2    0.0109517    0.0109587   -0.0676032 0.000317695
 42.3   0.00880437   0.00881219   -0.0774108 0.000444071
 42.4   0.00658449   0.00659336   -0.0864231 0.000673321
 42.5   0.00431311   0.00432327   -0.0945521 0.00117586
 42.6   0.00201163   0.00202336    -0.101719 0.00290693
 42.7 -0.000298404 -0.000284728    -0.107854 0.0234525
 42.8  -0.00259546  -0.00257936      -0.1129 0.00311215
 42.9  -0.00485829  -0.00483912    -0.116807 0.00197685
 43  -0.00706611  -0.00704301     -0.11954 0.00163675
 43.1  -0.00919884  -0.00917064    -0.121075 0.00153513
 43.2   -0.0112374   -0.0112024    -0.121398 0.00155925
 43.3    -0.013164   -0.0131197     -0.12051 0.00168412
 43.4   -0.0149624    -0.014905    -0.118421 0.00192162
 43.5   -0.0166192   -0.0165423    -0.115156 0.00231901
 43.6   -0.0181246   -0.0180166     -0.11075 0.00298827
 43.7   -0.0194784    -0.019315     -0.10525 0.00421199
 43.8   -0.0207103    -0.020426   -0.0987115 0.006909
 43.9   -0.0220588     -0.02134   -0.0912038 0.0165622
 44   -0.0189332   -0.0220493   -0.0828034 0.0760339
 44.1     -0.02195   -0.0225479    -0.073596 0.0134368
 44.2   -0.0224637   -0.0228323   -0.0636754 0.00813651
 44.3   -0.0226139   -0.0229005    -0.053142 0.00629803
 44.4   -0.0225054    -0.022753   -0.0421023 0.00547077
 44.5   -0.0221646   -0.0223919   -0.0306674 0.00510039
 44.6   -0.0216044   -0.0218216   -0.0189523 0.00500029
 44.7   -0.0208347   -0.0210483  -0.00707432 0.00509963
 44.8   -0.0198654   -0.0200802   0.00484766 0.00537787
 44.9   -0.0187072   -0.0189271    0.0166947 0.00584493
 45   -0.0173722   -0.0176008    0.0283489 0.00653776
 45.1   -0.0158737   -0.0161144    0.0396943 0.00752671
 45.2   -0.0142262   -0.0144827    0.0506187 0.00893366
 45.3   -0.0124454   -0.0127215     0.061014 0.0109714
 45.4   -0.0105478    -0.010848    0.0707777 0.0140319
 45.5  -0.00855083   -0.0088804    0.0798138 0.018907
 45.6  -0.00647238  -0.00683758    0.0880339 0.0274385
 45.7  -0.00433059  -0.00473914    0.0953577 0.0450451
 45.8  -0.00214357  -0.00260509     0.101714 0.0971909
 45.9   7.1059e-05 -0.000455739     0.107042 1
 46   0.00229666   0.00168858     0.111291 0.152584
 46.1   0.00451835   0.00380763      0.11442 0.0853622
 46.2   0.00672415    0.0058815     0.116401 0.0668467
 46.3   0.00890688    0.0078908     0.117216 0.060489
 46.4    0.0110676    0.0098168      0.11686 0.0598934
 46.5    0.0132229    0.0116416     0.115339 0.0635957
 46.6    0.0154208    0.0133485     0.112671 0.0720312
 46.7    0.0177844    0.0149216     0.108884 0.0875287
 46.8    0.0206588    0.0163468      0.10402 0.116522
 46.9    0.0253348    0.0176111    0.0981273 0.179846
 47    0.0430589    0.0187032    0.0912688 0.394347
 47.1  -0.00953134    0.0196135    0.0835142 1
 47.2    0.0100921     0.020334    0.0749429 0.336617
 47.3    0.0141887    0.0208587    0.0656421 0.190315
 47.4    0.0159794    0.0211835     0.055706 0.140034
 47.5    0.0168675     0.021306    0.0452351 0.116272
 47.6    0.0172304     0.021226    0.0343349 0.103898
 47.7    0.0172132    0.0209448    0.0231151 0.0977932
 47.8     0.016885    0.0204662    0.0116881 0.095877
 47.9    0.0162846    0.0197952  0.000168404 0.0973016
 48     0.015437    0.0189392    -0.011329 0.101877
 48.1    0.0143606    0.0179069   -0.0226894 0.1099
 48.2    0.0130702    0.0167087   -0.0337998 0.122184
 48.3    0.0115783    0.0153569     -0.04455 0.140283
 48.4   0.00989584    0.0138647   -0.0548335 0.167035
 48.5   0.00803182    0.0122469   -0.0645486 0.207857
 48.6   0.00599297    0.0105193   -0.0735998 0.274121
 48.7   0.00378242   0.00869888    -0.081898 0.393906
 48.8   0.00139774   0.00680316   -0.0893621 0.659125
 48.9  -0.00117231   0.00485049   -0.0959193 1
 49  -0.00395352   0.00285965    -0.101506 1
 49.1   -0.0069965  0.000849709    -0.106069 1
 49.2   -0.0103967  -0.00116015    -0.109564 0.799228
 49.3   -0.0143372   -0.0031508    -0.111959 0.639661
 49.4   -0.0191908  -0.00510341    -0.113232 0.579866
 49.5   -0.0258094  -0.00699952    -0.113372 0.573316
 49.6   -0.0365748  -0.00882132    -0.112381 0.611363
 49.7   -0.0613816   -0.0105518    -0.110271 0.706624
 49.8    -0.252765   -0.0121747    -0.107065 0.908094
 49.9    0.0818536   -0.0136751    -0.102797 1
 50    0.0263483   -0.0150392   -0.0975118 1
 50.1    0.0108467   -0.0162545   -0.0912643 1
 50.2   0.00323969   -0.0173099   -0.0841186 1
 50.3  -0.00137428   -0.0181961   -0.0761479 0.859555
 50.4  -0.00446497   -0.0189051   -0.0674332 0.617891
 50.5  -0.00662421    -0.019431   -0.0580629 0.491526
 50.6  -0.00813548   -0.0197694   -0.0481318 0.416914
 50.7  -0.00915168   -0.0199178     -0.03774 0.370359
 50.8  -0.00976312   -0.0198755   -0.0269922 0.34119
 50.9   -0.0100275   -0.0196436   -0.0159962 0.324089
 51  -0.00998456    -0.019225  -0.00486213 0.31635
 51.1  -0.00966355   -0.0186245   0.00629862 0.316774
 51.2  -0.00908765   -0.0178483    0.0173747 0.325241
 51.3  -0.00827633   -0.0169047    0.0282558 0.342654
 51.4  -0.00724677   -0.0158033    0.0388338 0.371213
 51.5  -0.00601467    -0.014555    0.0490037 0.415191
 51.6  -0.00459462   -0.0131725     0.058665 0.482794
 51.7  -0.00300018   -0.0116694    0.0677221 0.590964
 51.8  -0.00124372   -0.0100605     0.076086 0.779954
 51.9  0.000664081  -0.00836153    0.0836746 1
 52   0.00271499  -0.00658917    0.0904136 1
 52.1   0.00490458  -0.00476056    0.0962375 1
 52.2   0.00723436  -0.00289341      0.10109 1
 52.3   0.00971544  -0.00100571     0.104924 1
 52.4    0.0123749  0.000884408     0.107704 0.866598
 52.5    0.0152679   0.00275886     0.109404 0.693914
 52.6    0.0185026   0.00459977      0.11001 0.601792
 52.7    0.0222971   0.00638964     0.109516 0.554522
 52.8    0.0271303   0.00811153      0.10793 0.539665
 52.9    0.0342365   0.00974921     0.105271 0.55671
 53    0.0479178    0.0112873     0.101566 0.618705
 53.1    0.0998427    0.0127114     0.096854 0.774128
 53.2    -0.121904    0.0140084    0.0911848 1
 53.3   -0.0178098    0.0151662    0.0846163 1
 53.4 -0.000707071    0.0161743    0.0772158 1
 53.5    0.0067367    0.0170235    0.0690586 0.432942
 53.6    0.0110438    0.0177062    0.0602276 0.231738
 53.7    0.0138733    0.0182167    0.0508119 0.135351
 53.8    0.0158403    0.0185504    0.0409068 0.0788036
 53.9    0.0172258     0.018705    0.0306118 0.041168
 54    0.0181769    0.0186794    0.0200304 0.0136345
 54.1    0.0187798    0.0184748   0.00926878 0.00818777
 54.2    0.0190894    0.0180935  -0.00156551 0.0267851
 54.3    0.0191444    0.0175399   -0.0123642 0.0437378
 54.4    0.0189741      0.01682   -0.0230196 0.0601804
 54.5    0.0186026    0.0159411   -0.0334258 0.077046
 54.6    0.0180513    0.0149124   -0.0434793 0.0952227
 54.7    0.0173401    0.0137442   -0.0530806 0.11568
 54.8     0.016488    0.0124483   -0.0621345 0.139609
 54.9    0.0155142    0.0110374    -0.070552 0.168606
 55    0.0144376   0.00952563     -0.07825 0.20498
 55.1    0.0132777   0.00792777   -0.0851532 0.252291
 55.2    0.0120544    0.0062595   -0.0911941 0.316419
 55.3    0.0107876   0.00453708    -0.096314 0.407874
 55.4   0.00949809   0.00277726    -0.100464 0.547506
 55.5   0.00820662  0.000997074    -0.103603 0.783332
 55.6   0.00693438 -0.000786299    -0.105703 1
 55.7   0.00570279  -0.00255571    -0.106744 1
 55.8   0.00453347  -0.00429418    -0.106718 1
 55.9   0.00344822  -0.00598512    -0.105628 1
 56   0.00246905  -0.00761243    -0.103485 1
 56.1   0.00161822  -0.00916067    -0.100313 1
 56.2  0.000918354   -0.0106152   -0.0961454 1
 56.3  0.000392649   -0.0119624    -0.091026 1
 56.4  6.51907e-05   -0.0131897   -0.0850073 1
 56.5 -3.85734e-05   -0.0142855   -0.0781509 0.994614
 56.6  0.000108879     -0.01524   -0.0705267 1
 56.7  0.000538191   -0.0160443   -0.0622121 1
 56.8   0.00128467   -0.0166912   -0.0532913 1
 56.9   0.00239057    -0.017175   -0.0438544 1
 57   0.00390861   -0.0174916   -0.0339963 1
 57.1   0.00590741   -0.0176385   -0.0238163 1
 57.2   0.00848014    -0.017615   -0.0134164 1
 57.3    0.0117591   -0.0174217   -0.0029008 1
 57.4    0.0159411   -0.0170612   0.00762544 1
 57.5    0.0213344   -0.0165374    0.0180572 1
 57.6    0.0284523   -0.0158559    0.0282907 1
 57.7    0.0382188   -0.0150239    0.0382241 1
 57.8    0.0524778   -0.0140499    0.0477588 1
 57.9    0.0755107   -0.0129437    0.0568004 1
 58     0.120017   -0.0117165    0.0652595 1
 58.1     0.247641   -0.0103804    0.0730527 1
 58.2      6.89695   -0.0089488    0.0801035 1
 58.3    -0.283937   -0.0074357    0.0863427 0.948961
 58.4    -0.140533  -0.00585602    0.0917095 0.919994
 58.5   -0.0927272  -0.00422521    0.0961519 0.912839
 58.6    -0.068094  -0.00255918     0.099627 0.927557
 58.7   -0.0526129 -0.000874112     0.102102 0.967315
 58.8   -0.0416817  0.000813664     0.103554 1
 58.9   -0.0333521   0.00248785     0.103969 1
 59   -0.0266625   0.00413233     0.103347 1
 59.1   -0.0210874   0.00573133     0.101694 1
 59.2   -0.0163181   0.00726956    0.0990286 1
 59.3   -0.0121633   0.00873236    0.0953796 1
 59.4  -0.00849991    0.0101059    0.0907848 1
 59.5  -0.00524612    0.0113771    0.0852917 1
 59.6  -0.00234617     0.012534    0.0789566 1
 59.7  0.000238752     0.013566     0.071844 0.96541
 59.8   0.00253632    0.0144633    0.0640263 0.701603
 59.9   0.00456679    0.0152179    0.0555827 0.53835
 60    0.0063455    0.0158227    0.0465984 0.427514
 60.1   0.00788464    0.0162725     0.037164 0.347222
 60.2    0.0091944    0.0165635    0.0273743 0.286091
 60.3    0.0102839    0.0166933    0.0173277 0.237585
 60.4    0.0111618    0.0166611   0.00712478 0.197655
 60.5    0.0118366    0.0164679  -0.00313236 0.163623
 60.6    0.0123174     0.016116   -0.0133413 0.133597
 60.7    0.0126134    0.0156093   -0.0234003 0.106152
 60.8    0.0127348    0.0149532   -0.0332091 0.0801202
 60.9    0.0126925    0.0141545   -0.0426704 0.0544573
 61    0.0124981    0.0132214   -0.0516902 0.0281229
 61.1    0.0121642    0.0121634   -0.0601794 3.4107e-05
 61.2    0.0117042    0.0109911   -0.0680541 0.0314218
 61.3    0.0111322    0.0097162   -0.0752366 0.0679198
 61.4    0.0104631   0.00835135   -0.0816566 0.112239
 61.5   0.00971225   0.00691007    -0.087251 0.16858
 61.6   0.00889584   0.00540653   -0.0919656 0.243967
 61.7   0.00803032    0.0038555   -0.0957546 0.351244
 61.8   0.00713249   0.00227214   -0.0985817 0.516804
 61.9   0.00621938  0.000671882     -0.10042 0.805005
 62    0.0053081 -0.000929724    -0.101254 1
 62.1    0.0044157  -0.00251716    -0.101075 1
 62.2   0.00355909   -0.0040751   -0.0998879 1
 62.3   0.00275492  -0.00558854   -0.0977057 1
 62.4    0.0020194  -0.00704296   -0.0945517 1
 62.5    0.0013683  -0.00842445   -0.0904591 1
 62.6  0.000816757  -0.00971985   -0.0854701 1
 62.7  0.000379281   -0.0109169   -0.0796361 1
 62.8  6.96471e-05   -0.0120042   -0.0730164 1
 62.9 -9.91227e-05   -0.0129717   -0.0656785 0.984833
 63 -0.000114767   -0.0138103   -0.0576967 0.983517
 63.1  3.42408e-05   -0.0145123   -0.0491516 1
 63.2  0.000358763   -0.0150713   -0.0401296 1
 63.3  0.000869123   -0.0154823   -0.0307212 1
 63.4    0.0015753   -0.0157418    -0.021021 1
 63.5   0.00248722   -0.0158477   -0.0111263 1
 63.6   0.00361517   -0.0157996  -0.00113615 1
 63.7   0.00497039   -0.0155982   0.00884968 1
 63.8   0.00656591   -0.0152461    0.0187315 1
 63.9   0.00841775   -0.0147471    0.0284109 1
 64    0.0105467   -0.0141065    0.0377915 1
 64.1    0.0129811   -0.0133309    0.0467804 1
 64.2    0.0157605   -0.0124283    0.0552882 1
 64.3    0.0189426   -0.0114079     0.063231 1
 64.4    0.0226141   -0.0102798    0.0705302 1
 64.5    0.0269089  -0.00905542    0.0771142 1
 64.6    0.0320437  -0.00774686    0.0829182 1
 64.7    0.0383877  -0.00636709    0.0878856 1
 64.8    0.0466163  -0.00492973    0.0919681 1
 64.9    0.0580969  -0.00344891    0.0951263 1
 65    0.0760494  -0.00193914    0.0973302 1
 65.1     0.110218 -0.000415162    0.0985591 1
 65.2     0.210048   0.00110818    0.0988024 0.989504
 65.3     -11.3823   0.00261608     0.098059 1
 65.4    -0.168446   0.00409394    0.0963381 1
 65.5   -0.0735402    0.0055275    0.0936581 1
 65.6   -0.0404626   0.00690295    0.0900474 1
 65.7   -0.0231015   0.00820711    0.0855433 1
 65.8   -0.0121213   0.00942751    0.0801922 1
 65.9  -0.00440066    0.0105525    0.0740487 1
 66   0.00139639    0.0115716    0.0671755 0.78464
 66.1   0.00593474    0.0124749    0.0596421 0.355259
 66.2   0.00958099    0.0132543    0.0515248 0.160861
 66.3     0.012553    0.0139024    0.0429054 0.0510058
 66.4     0.014988    0.0144132    0.0338707 0.0195469
 66.5    0.0169767    0.0147824    0.0245115 0.0690912
 66.6    0.0185818    0.0150066    0.0149217 0.106441
 66.7    0.0198486    0.0150841   0.00519737 0.136389
 66.8    0.0208109    0.0150147  -0.00456429 0.161791
 66.9    0.0214956    0.0147993   -0.0142658 0.184497
 67    0.0219246    0.0144406   -0.0238104 0.205802
 67.1    0.0221169    0.0139424   -0.0331031 0.226698
 67.2    0.0220896    0.0133099   -0.0420515 0.248016
 67.3    0.0218585    0.0125498   -0.0505668 0.270536
 67.4     0.021439    0.0116698   -0.0585648 0.295064
 67.5     0.020846    0.0106787   -0.0659663 0.322518
 67.6    0.0200946   0.00958665   -0.0726983 0.354025
 67.7    0.0191996   0.00840446   -0.0786948 0.391071
 67.8    0.0181764   0.00714392   -0.0838968 0.435717
 67.9    0.0170402   0.00581752   -0.0882537 0.490981
 68    0.0158066   0.00443836   -0.0917232 0.561535
 68.1    0.0144912   0.00302002    -0.094272 0.655076
 68.2    0.0131096   0.00157643   -0.0958761 0.785317
 68.3    0.0116776  0.000121703   -0.0965207 0.979371
 68.4    0.0102106  -0.00132995   -0.0962009 1
 68.5   0.00872386  -0.00276441   -0.0949213 1
 68.6   0.00723244  -0.00416775    -0.092696 1
 68.7   0.00575083   -0.0055264   -0.0895486 1
 68.8   0.00429297  -0.00682724   -0.0855119 1
 68.9   0.00287218  -0.00805777   -0.0806275 1
 69   0.00150097   -0.0092062   -0.0749453 1
 69.1  0.000191021   -0.0102616   -0.0685232 1
 69.2  -0.00104698   -0.0112139   -0.0614264 0.829216
 69.3  -0.00220338   -0.0120541   -0.0537266 0.690916
 69.4  -0.00326966   -0.0127744   -0.0455016 0.592415
 69.5  -0.00423848   -0.0133681   -0.0368343 0.518534
 69.6  -0.00510376   -0.0138297   -0.0278117 0.460875
 69.7   -0.0058607   -0.0141552   -0.0185244 0.414395
 69.8  -0.00650584   -0.0143417  -0.00906553 0.375864
 69.9  -0.00703705   -0.0143878  0.000470293 0.343093
 70  -0.00745357   -0.0142934   0.00998779 0.314519
 70.1  -0.00775597   -0.0140599     0.019392 0.28896
 70.2  -0.00794615   -0.0136899    0.0285892 0.265471
 70.3  -0.00802732   -0.0131874    0.0374879 0.243232
 70.4  -0.00800392   -0.0125577    0.0459998 0.22147
 70.5  -0.00788161   -0.0118073    0.0540404 0.199385
 70.6  -0.00766716   -0.0109438    0.0615301 0.176058
 70.7   -0.0073684  -0.00997592     0.068395 0.150338
 70.8  -0.00699413  -0.00891346    0.0745674 0.120655
 70.9    -0.006554  -0.00776701    0.0799868 0.0847013
 71  -0.00605843  -0.00654799       0.0846 0.0388339
 71.1  -0.00551849  -0.00526849    0.0883622 0.0231764
 71.2  -0.00494577  -0.00394115     0.091237 0.113044
 71.3  -0.00435228  -0.00257908     0.093197 0.255824
 71.4   -0.0037503  -0.00119564    0.0942239 0.516518
 71.5  -0.00315227  0.000195607    0.0943087 1
 71.6  -0.00257063   0.00158105     0.093452 1
 71.7  -0.00201773    0.0029472    0.0916635 1
 71.8  -0.00150569   0.00428076    0.0889625 1
 71.9  -0.00104623   0.00556881    0.0853771 1
 72 -0.000650638    0.0067989    0.0809445 1
 72.1 -0.000329571   0.00795918    0.0757099 1
 72.2 -9.29936e-05    0.0090385    0.0697268 1
 72.3  4.99348e-05    0.0100266    0.0630559 0.990089
 72.4  9.09479e-05    0.0109139    0.0557647 0.983471
 72.5  2.27524e-05    0.0116923    0.0479269 0.996116
 72.6 -0.000160905    0.0123542    0.0396215 1
 72.7 -0.000465184    0.0128937    0.0309319 1
 72.8 -0.000894111    0.0133056    0.0219455 1
 72.9  -0.00145055    0.0135865    0.0127524 1
 73  -0.00213621    0.0137338   0.00344457 1
 73.1  -0.00295164    0.0137465  -0.00588491 1
 73.2  -0.00389627    0.0136248   -0.0151429 1
 73.3  -0.00496847    0.0133703   -0.0242371 1
 73.4  -0.00616565    0.0129858   -0.0330769 1
 73.5  -0.00748434    0.0124754   -0.0415744 1
 73.6   -0.0089204    0.0118445   -0.0496454 1
 73.7   -0.0104692    0.0110994   -0.0572098 1
 73.8   -0.0121261    0.0102479   -0.0641929 1
 73.9   -0.0138864   0.00929853   -0.0705256 1
 74   -0.0157465   0.00826079   -0.0761457 1
 74.1   -0.0177043   0.00714507    -0.080998 1
 74.2   -0.0197609   0.00596249   -0.0850352 1
 74.3   -0.0219222   0.00472479    -0.088218 1
 74.4   -0.0242023   0.00344421   -0.0905159 1
 74.5   -0.0266296   0.00213338    -0.091907 1
 74.6    -0.029258  0.000805201   -0.0923787 1
 74.7   -0.0321896 -0.000527298   -0.0919276 0.967766
 74.8   -0.0356277  -0.00185108   -0.0905594 0.90122
 74.9   -0.0400175  -0.00315321   -0.0882889 0.853919
 75   -0.0465124  -0.00442103     -0.08514 0.8264
 75.1   -0.0591939  -0.00564222   -0.0811453 0.825954
 75.2    -0.109713  -0.00680495   -0.0763459 0.883194
 75.3    0.0822936  -0.00789802   -0.0707907 1
 75.4 -0.000442372   -0.0089109   -0.0645361 0.905408
 75.5   -0.0151798   -0.0098339   -0.0576455 0.213719
 75.6   -0.0216906   -0.0106582   -0.0501886 0.341045
 75.7   -0.0254746   -0.0113761   -0.0422404 0.382586
 75.8   -0.0279573   -0.0119807   -0.0338811 0.400036
 75.9    -0.029671   -0.0124664   -0.0251945 0.408297
 76   -0.0308589   -0.0128289   -0.0162678 0.412701
 76.1   -0.0316475   -0.0130648  -0.00719048 0.415606
 76.2   -0.0321098   -0.0131722   0.00194672 0.418215
 76.3   -0.0322914   -0.0131504    0.0110525 0.421221
 76.4    -0.032223   -0.0129999     0.020036 0.425076
 76.5   -0.0319273   -0.0127225    0.0288078 0.430122
 76.6   -0.0314223   -0.0123212    0.0372804 0.436661
 76.7   -0.0307231   -0.0118004    0.0453699 0.444995
 76.8   -0.0298438   -0.0111653    0.0529958 0.45547
 76.9   -0.0287975   -0.0104226    0.0600827 0.468506
 77   -0.0275972  -0.00957975    0.0665606 0.484641
 77.1   -0.0262563  -0.00864525    0.0723656 0.504592
 77.2    -0.024788  -0.00762849    0.0774406 0.529346
 77.3   -0.0232062  -0.00653965    0.0817359 0.560299
 77.4    -0.021525  -0.00538956    0.0852096 0.599505
 77.5   -0.0197587  -0.00418965    0.0878282 0.65011
 77.6   -0.0179222  -0.00295179    0.0895665 0.71718
 77.7   -0.0160304  -0.00168819    0.0904084 0.809444
 77.8   -0.0140984 -0.000411309    0.0903466 0.943306
 77.9   -0.0121412  0.000866328    0.0893829 1
 78   -0.0101741    0.0021322    0.0875281 1
 78.1  -0.00821191   0.00337394    0.0848018 1
 78.2  -0.00626918   0.00457944    0.0812324 1
 78.3  -0.00436016   0.00573698    0.0768565 1
 78.4  -0.00249856   0.00683535    0.0717189 1
 78.5 -0.000697492   0.00786393    0.0658718 1
 78.6   0.00103067   0.00881282    0.0593746 0.790588
 78.7   0.00267435   0.00967292    0.0522928 0.566811
 78.8   0.00422286     0.010436    0.0446979 0.423849
 78.9   0.00566652    0.0110949    0.0366664 0.323862
 79   0.00699666    0.0116433    0.0282791 0.249285
 79.1   0.00820578    0.0120762      0.01962 0.190833
 79.2   0.00928749    0.0123897    0.0107759 0.143109
 79.3    0.0102366    0.0125808   0.00183545 0.102737
 79.4    0.0110493    0.0126482  -0.00711208 0.067469
 79.5    0.0117229    0.0125913   -0.0159773 0.0357176
 79.6    0.0122559    0.0124111   -0.0246719 0.00629384
 79.7    0.0126482    0.0121097   -0.0331093 0.0217517
 79.8     0.012901    0.0116903   -0.0412055 0.0492343
 79.9    0.0130166    0.0111573   -0.0488802 0.0769134
 80    0.0129983    0.0105161   -0.0560573 0.10556
 80.1     0.012851   0.00977349   -0.0626657 0.136024
 80.2    0.0125801   0.00893683   -0.0686403 0.169322
 80.3    0.0121925   0.00801459   -0.0739221 0.206755
 80.4    0.0116957   0.00701604   -0.0784593 0.250092
 80.5    0.0110981   0.00595113   -0.0822076 0.301889
 80.6    0.0104089   0.00483049   -0.0851304 0.366051
 80.7   0.00963785   0.00366524   -0.0871997 0.448964
 80.8   0.00879531   0.00246691   -0.0883958 0.561914
 80.9   0.00789201   0.00124734   -0.0887079 0.727039
 81   0.00693902  1.85489e-05   -0.0881339 0.994668
 81.1   0.00594759   -0.0012074   -0.0866807 1
 81.2   0.00492907  -0.00241848   -0.0843639 1
 81.3   0.00389476  -0.00360285   -0.0812077 1
 81.4   0.00285584  -0.00474895   -0.0772445 1
 81.5   0.00182322  -0.00584563   -0.0725151 1
 81.6  0.000807456  -0.00688226   -0.0670674 1
 81.7 -0.000181342   -0.0078488   -0.0609568 0.954835
 81.8  -0.00113363  -0.00873594    -0.054245 0.770278
 81.9   -0.0020405  -0.00953516   -0.0469999 0.64745
 82  -0.00289377   -0.0102388   -0.0392944 0.5593
 82.1  -0.00368606   -0.0108403   -0.0312059 0.4925
 82.2  -0.00441083   -0.0113339   -0.0228157 0.439706
 82.3  -0.00506247    -0.011715    -0.014208 0.396515
 82.4  -0.00563632   -0.0119802   -0.0054688 0.360108
 82.5  -0.00612871   -0.0121271   0.00331437 0.328573
 82.6  -0.00653698   -0.0121545    0.0120538 0.30054
 82.7  -0.00685951   -0.0120626    0.0206623 0.274975
 82.8  -0.00709568   -0.0118525    0.0290542 0.251042
 82.9  -0.00724591   -0.0115264    0.0371458 0.228023
 83  -0.00731159    -0.011088    0.0448568 0.205245
 83.1  -0.00729508   -0.0105417    0.0521106 0.182019
 83.2  -0.00719968  -0.00989325    0.0588354 0.157584
 83.3  -0.00702954  -0.00914916    0.0649648 0.131013
 83.4   -0.0067896    -0.008317    0.0704381 0.101107
 83.5  -0.00648558  -0.00740513    0.0752016 0.0661988
 83.6  -0.00612384  -0.00642272    0.0792086 0.0238216
 83.7  -0.00571131  -0.00537956      0.08242 0.0299116
 83.8  -0.00525541  -0.00428605    0.0848046 0.101595
 83.9  -0.00476399  -0.00315304    0.0863397 0.203479
 84  -0.00424514  -0.00199175    0.0870109 0.3613
 84.1  -0.00370718 -0.000813658    0.0868125 0.640041
 84.2   -0.0031585  0.000369631    0.0857476 1
 84.3   -0.0026075   0.00154648    0.0838279 1
 84.4  -0.00206242   0.00270535    0.0810734 1
 84.5   -0.0015313   0.00383489    0.0775128 1
 84.6  -0.00102186   0.00492407    0.0731824 1
 84.7 -0.000541366    0.0059623    0.0681265 1
 84.8  -9.6592e-05   0.00693949    0.0623964 1
 84.9  0.000306308   0.00784618      0.05605 0.924855
 85  0.000661869   0.00867363    0.0491515 0.858204
 85.1  0.000965391   0.00941388    0.0417703 0.813977
 85.2   0.00121301    0.0100599    0.0339807 0.784792
 85.3   0.00140176    0.0106055     0.025861 0.766514
 85.4   0.00152962    0.0110456    0.0174926 0.756725
 85.5   0.00159555     0.011376   0.00895936 0.753993
 85.6   0.00159955    0.0115939  0.000346622 0.757524
 85.7   0.00154265    0.0116973  -0.00825952 0.76697
 85.8   0.00142696    0.0116855   -0.0167732 0.78235
 85.9   0.00125564    0.0115588   -0.0251094 0.804028
 86    0.0010329    0.0113188   -0.0331853 0.832752
 86.1  0.000764007     0.010968   -0.0409204 0.869757
 86.2  0.000455259    0.0105102    -0.048238 0.916965
 86.3  0.000113933   0.00995017   -0.0550654 0.977359
 86.4 -0.000251733   0.00929356   -0.0613352 1
 86.5 -0.000632587   0.00854709   -0.0669853 1
 86.6  -0.00101861    0.0077183     -0.07196 1
 86.7  -0.00139898   0.00681551   -0.0762105 1
 86.8  -0.00176208   0.00584778   -0.0796952 1
 86.9   -0.0020956   0.00482477   -0.0823801 1
 87  -0.00238653   0.00375666   -0.0842395 1
 87.1  -0.00262125   0.00265405   -0.0852556 1
 87.2  -0.00278549   0.00152787   -0.0854192 1
 87.3  -0.00286439  0.000389241   -0.0847298 1
 87.4  -0.00284245 -0.000750612   -0.0831952 0.582188
 87.5  -0.00270346  -0.00188048   -0.0808317 0.179536
 87.6  -0.00243045  -0.00298926   -0.0776638 0.103108
 87.7  -0.00200548  -0.00406611   -0.0737241 0.33939
 87.8   -0.0014094  -0.00510051   -0.0690528 0.567
 87.9 -0.000621495  -0.00608238   -0.0636973 0.814586
 88  0.000381035  -0.00700217   -0.0577119 1
 88.1   0.00162386  -0.00785098    -0.051157 1
 88.2   0.00313656  -0.00862062   -0.0440988 1
 88.3   0.00495424   -0.0093037   -0.0366083 1
 88.4   0.00711975  -0.00989369   -0.0287607 1
 88.5   0.00968711    -0.010385   -0.0206349 1
 88.6    0.0127266    -0.010773   -0.0123121 1
 88.7     0.016333   -0.0110541  -0.00387588 1
 88.8    0.0206383   -0.0112258   0.00458958 1
 88.9    0.0258337   -0.0112866    0.0129997 1
 89    0.0322086   -0.0112362    0.0212705 1
 89.1    0.0402235   -0.0110754    0.0293197 1
 89.2    0.0506589   -0.0108059    0.0370671 1
 89.3    0.0649508   -0.0104306    0.0444357 1
 89.4     0.086057  -0.00995352    0.0513524 1
 89.5     0.121187  -0.00937953    0.0577486 1
 89.6     0.193691  -0.00871448     0.063561 1
 89.7     0.445353  -0.00796514    0.0687324 1
 89.8     -1.66915  -0.00713905    0.0732116 0.991482
 89.9     -0.28835  -0.00624452    0.0769549 0.957606
 90    -0.154641  -0.00529051    0.0799256 0.93384
 90.1    -0.102883  -0.00428652     0.082095 0.920005
 90.2   -0.0746894  -0.00324256    0.0834423 0.916785
 90.3   -0.0565006  -0.00216898    0.0839549 0.926061
 90.4   -0.0434988  -0.00107643    0.0836287 0.951703
 90.5   -0.0335465  2.43141e-05    0.0824678 1
 90.6    -0.025554   0.00112239    0.0804847 1
 90.7   -0.0189108   0.00220698    0.0777002 1
 90.8   -0.0132505   0.00326746    0.0741429 1
 90.9  -0.00834188   0.00429343    0.0698492 1
 91  -0.00403305   0.00527485    0.0648629 1
 91.1 -0.000221244   0.00620218    0.0592343 1
 91.2   0.00316483   0.00706639    0.0530204 0.381339
 91.3   0.00617568   0.00785911     0.046284 0.119948
 91.4   0.00884779    0.0085727    0.0390928 0.0157911
 91.5     0.011208   0.00920028    0.0315191 0.0983797
 91.6    0.0132767   0.00973588    0.0236389 0.153866
 91.7    0.0150696    0.0101744    0.0155314 0.193915
 91.8    0.0165993    0.0105118   0.00727753 0.224541
 91.9    0.0178764    0.0107448  -0.00103998 0.249171
 92    0.0189104    0.0108715  -0.00933805 0.269923
 92.1    0.0197098    0.0108909   -0.0175339 0.288193
 92.2    0.0202831    0.0108029   -0.0255457 0.304966
 92.3    0.0206386    0.0106087   -0.0332938 0.320987
 92.4    0.0207852    0.0103103   -0.0407011 0.33686
 92.5    0.0207318   0.00991109   -0.0476939 0.353122
 92.6     0.020488   0.00941504    -0.054203 0.370296
 92.7    0.0200642   0.00882729   -0.0601638 0.388936
 92.8    0.0194712   0.00815384   -0.0655174 0.409678
 92.9    0.0187205   0.00740149   -0.0702111 0.433313
 93    0.0178242   0.00657782   -0.0741986 0.460878
 93.1     0.016795   0.00569111    -0.077441 0.493811
 93.2    0.0156463   0.00475022   -0.0799067 0.534212
 93.3    0.0143917   0.00376453   -0.0815718 0.585318
 93.4    0.0130454   0.00274385   -0.0824206 0.652441
 93.5    0.0116219   0.00169832   -0.0824455 0.745002
 93.6    0.0101359  0.000638279   -0.0816472 0.881516
 93.7   0.00860204 -0.000425788   -0.0800345 1
 93.8   0.00703528  -0.00148339   -0.0776243 1
 93.9   0.00545032  -0.00252412   -0.0744416 1
 94   0.00386168  -0.00353775    -0.070519 1
 94.1   0.00228358  -0.00451436   -0.0658963 1
 94.2  0.000729858  -0.00544439   -0.0606207 1
 94.3 -0.000786191  -0.00631879   -0.0547452 0.778693
 94.4  -0.00225187  -0.00712904   -0.0483294 0.519905
 94.5  -0.00365517   -0.0078673   -0.0414378 0.365558
 94.6  -0.00498492  -0.00852645   -0.0341397 0.262115
 94.7  -0.00623077  -0.00910014   -0.0265084 0.187162
 94.8  -0.00738336   -0.0095829   -0.0186205 0.129642
 94.9  -0.00843432  -0.00997017    -0.010555 0.0834499
 95  -0.00937636   -0.0102583  -0.00239256 0.0449189
 95.1   -0.0102033   -0.0104447   0.00578517 0.0116927
 95.2   -0.0109101   -0.0105278    0.0138965 0.0178357
 95.3    -0.011493   -0.0105068    0.0218606 0.0448263
 95.4   -0.0119492   -0.0103823    0.0295981 0.0701665
 95.5   -0.0122774   -0.0101557    0.0370319 0.0945808
 95.6   -0.0124773  -0.00982939    0.0440882 0.118705
 95.7   -0.0125498  -0.00940685    0.0506968 0.143144
 95.8    -0.012497  -0.00889243    0.0567923 0.168522
 95.9   -0.0123221  -0.00829138    0.0623143 0.19554
 96   -0.0120294  -0.00760982    0.0672084 0.225039
 96.1   -0.0116242  -0.00685462    0.0714263 0.258109
 96.2   -0.0111126   -0.0060334    0.0749265 0.296232
 96.3   -0.0105018  -0.00515437     0.077675 0.341555
 96.4  -0.00979975  -0.00422633     0.079645 0.397362
 96.5  -0.00901505  -0.00325852    0.0808176 0.469018
 96.6  -0.00815694  -0.00226058    0.0811821 0.566004
 96.7  -0.00723521  -0.00124241    0.0807355 0.706897
 96.8  -0.00626007 -0.000214081    0.0794832 0.933866
 96.9  -0.00524205  0.000814234    0.0774386 1
 97  -0.00419191    0.0018324    0.0746227 1
 97.1  -0.00312051   0.00283039    0.0710647 1
 97.2  -0.00203875    0.0037984    0.0668006 1
 97.3 -0.000957408   0.00472695     0.061874 1
 97.4  0.000112916   0.00560696    0.0563345 0.960518
 97.5   0.00116192   0.00642985    0.0502382 0.693901
 97.6   0.00217968   0.00718762    0.0436465 0.53462
 97.7   0.00315675   0.00787292    0.0366258 0.427589
 97.8   0.00408425   0.00847914    0.0292464 0.349817
 97.9   0.00495394   0.00900046    0.0215826 0.289982
 98   0.00575827    0.0094319    0.0137111 0.241843
 98.1   0.00649047    0.0097694    0.0057107 0.201658
 98.2    0.0071446    0.0100098  -0.00233857 0.167025
 98.3   0.00771558     0.010151   -0.0103563 0.13631
 98.4   0.00819923    0.0101917   -0.0182625 0.108338
 98.5   0.00859232    0.0101317   -0.0259782 0.0822146
 98.6   0.00889255   0.00997188   -0.0334268 0.0572149
 98.7    0.0090986   0.00971397    -0.040534 0.0327102
 98.8    0.0092101   0.00936071   -0.0472292 0.0081101
 98.9   0.00922762   0.00891579   -0.0534461 0.0171868
 99   0.00915265   0.00838377   -0.0591229 0.0438447
 99.1    0.0089876   0.00777008   -0.0642037 0.0726543
 99.2   0.00873573   0.00708094   -0.0686383 0.104623
 99.3    0.0084011    0.0063233   -0.0723829 0.141113
 99.4   0.00798855   0.00550477    -0.075401 0.184075
 99.5   0.00750362   0.00463355   -0.0776632 0.23647
 99.6   0.00695248   0.00371834   -0.0791476 0.303083
 99.7   0.00634186   0.00276826   -0.0798401 0.392267
 99.8   0.00567898   0.00179276   -0.0797347 0.520123
 99.9   0.00497148  0.000801516   -0.0788332 0.722322
 100   0.00422731 -0.000195658   -0.0771454 1
