 1 1 1 0 
 2 1.41421 1.41421 1.71143e-08 
 3 1.73205 1.73205 1.79482e-08 
 4 2 2 0 
 5 2.23607 2.23607 -1.46822e-08 
 6 2.44949 2.44949 -3.63918e-08 
 7 2.64575 2.64575 2.76652e-08 
 8 2.82843 2.82843 1.71143e-08 
 9 3 3 0 
 10 3.16228 3.16228 -1.21268e-08 
 11 3.31662 3.31662 -2.69797e-08 
 12 3.4641 3.4641 1.79482e-08 
 13 3.60555 3.60555 9.05149e-09 
 14 3.74166 3.74166 -2.90579e-08 
 15 3.87298 3.87298 -2.826e-08 
 16 4 4 0 
 17 4.12311 4.12311 2.4168e-08 
 18 4.24264 4.24264 4.52122e-08 
 19 4.3589 4.3589 -3.96833e-08 
 20 4.47214 4.47214 -1.46822e-08 
 21 4.58258 4.58258 -2.24936e-08 
 22 4.69042 4.69042 -2.11919e-08 
 23 4.79583 4.79583 -3.27337e-08 
 24 4.89898 4.89898 -3.63918e-08 
 25 5 5 0 
 26 5.09902 5.09902 -2.71474e-09 
 27 5.19615 5.19615 4.08901e-08 
 28 5.2915 5.2915 2.76652e-08 
 29 5.38516 5.38516 1.28934e-08 
 30 5.47723 5.47723 -3.75072e-08 
 31 5.56776 5.56776 1.44768e-08 
 32 5.65685 5.65685 1.71143e-08 
 33 5.74456 5.74456 3.59523e-09 
 34 5.83095 5.83095 3.50151e-08 
 35 5.91608 5.91608 -3.63276e-08 
 36 6 6 0 
 37 6.08276 6.08276 -3.0891e-08 
 38 6.16441 6.16441 1.20017e-08 
 39 6.245 6.245 3.23266e-09 
 40 6.32456 6.32456 -1.21268e-08 
 41 6.40312 6.40312 -1.48357e-08 
 42 6.48074 6.48074 2.33349e-08 
 43 6.55744 6.55744 2.29871e-08 
 44 6.63325 6.63325 -2.69797e-08 
 45 6.7082 6.7082 2.08591e-08 
 46 6.78233 6.78233 -7.82004e-09 
 47 6.85565 6.85565 -1.69336e-08 
 48 6.9282 6.9282 1.79482e-08 
 49 7 7 0 
 50 7.07107 7.07107 2.55532e-10 
 51 7.14143 7.14143 -5.8908e-09 
 52 7.2111 7.2111 9.05149e-09 
 53 7.28011 7.28011 9.51329e-10 
 54 7.34847 7.34847 -3.94711e-09 
 55 7.4162 7.4162 3.14803e-08 
 56 7.48331 7.48331 -2.90579e-08 
 57 7.54983 7.54983 2.43538e-08 
 58 7.61577 7.61577 -1.24905e-08 
 59 7.68115 7.68115 1.03941e-08 
 60 7.74597 7.74597 -2.826e-08 
 61 7.81025 7.81025 -1.65864e-08 
 62 7.87401 7.87401 2.18616e-08 
 63 7.93725 7.93725 -2.37268e-09 
 64 8 8 0 
 65 8.06226 8.06226 -2.28535e-09 
 66 8.12404 8.12404 -3.59e-08 
 67 8.18535 8.18535 5.45405e-08 
 68 8.24621 8.24621 2.4168e-08 
 69 8.30662 8.30662 4.86426e-08 
 70 8.3666 8.3666 2.73372e-08 
 71 8.42615 8.42615 4.80516e-08 
 72 8.48528 8.48528 4.52122e-08 
 73 8.544 8.544 3.02767e-08 
 74 8.60233 8.60233 -2.00423e-08 
 75 8.66025 8.66025 -5.08773e-08 
 76 8.7178 8.7178 -3.96833e-08 
 77 8.77496 8.77496 6.24636e-09 
 78 8.83176 8.83176 5.20659e-08 
 79 8.88819 8.88819 3.74821e-08 
 80 8.94427 8.94427 -1.46822e-08 
 81 9 9 0 
 82 9.05539 9.05539 -4.98557e-08 
 83 9.11043 9.11043 7.16857e-11 
 84 9.16515 9.16515 -2.24936e-08 
 85 9.21954 9.21954 5.0531e-09 
 86 9.27362 9.27362 -2.18496e-08 
 87 9.32738 9.32738 -1.86114e-08 
 88 9.38083 9.38083 -2.11919e-08 
 89 9.43398 9.43398 2.01701e-08 
 90 9.48683 9.48683 3.81362e-08 
 91 9.53939 9.53939 -4.79217e-08 
 92 9.59166 9.59166 -3.27337e-08 
 93 9.64365 9.64365 -2.56763e-08 
 94 9.69536 9.69536 -4.83616e-08 
 95 9.74679 9.74679 -3.65057e-08 
 96 9.79796 9.79796 -3.63918e-08 
 97 9.84886 9.84886 -7.90372e-09 
 98 9.89949 9.8995 -1.90116e-08 
 99 9.94987 9.94987 4.49062e-08 
 100 10 10 0 
 101 10.0499 10.0499 3.59926e-08 
 102 10.0995 10.0995 4.62931e-08 
 103 10.1489 10.1489 1.14414e-08 
 104 10.198 10.198 -2.71474e-09 
 105 10.247 10.247 -3.29123e-08 
 106 10.2956 10.2956 -3.05013e-08 
 107 10.3441 10.3441 4.46125e-08 
 108 10.3923 10.3923 4.08901e-08 
 109 10.4403 10.4403 -1.48082e-08 
 110 10.4881 10.4881 -1.20219e-08 
 111 10.5357 10.5357 -2.99118e-08 
 112 10.583 10.583 2.76652e-08 
 113 10.6301 10.6301 -2.01198e-08 
 114 10.6771 10.6771 4.6464e-10 
 115 10.7238 10.7238 -1.23825e-08 
 116 10.7703 10.7703 1.28934e-08 
 117 10.8167 10.8167 -3.50321e-08 
 118 10.8628 10.8628 -7.34468e-09 
 119 10.9087 10.9087 -2.49754e-08 
 120 10.9545 10.9545 -3.75072e-08 
 121 11 11 0 
 122 11.0454 11.0454 4.09223e-08 
 123 11.0905 11.0905 3.50619e-08 
 124 11.1355 11.1355 1.44768e-08 
 125 11.1803 11.1803 6.6426e-09 
 126 11.225 11.225 3.46621e-08 
 127 11.2694 11.2694 3.28397e-08 
 128 11.3137 11.3137 1.71143e-08 
 129 11.3578 11.3578 -4.02053e-10 
 130 11.4018 11.4018 -1.1251e-08 
 131 11.4455 11.4455 -1.04639e-08 
 132 11.4891 11.4891 3.59523e-09 
 133 11.5326 11.5326 2.93787e-08 
 134 11.5758 11.5758 -2.00871e-08 
 135 11.619 11.6189 1.27796e-08 
 136 11.6619 11.6619 3.50151e-08 
 137 11.7047 11.7047 3.36979e-08 
 138 11.7473 11.7473 -6.62795e-09 
 139 11.7898 11.7898 -2.29499e-08 
 140 11.8322 11.8322 -3.63276e-08 
 141 11.8743 11.8743 1.03009e-08 
 142 11.9164 11.9164 1.07076e-08 
 143 11.9583 11.9583 1.73025e-08 
 144 12 12 0 
 145 12.0416 12.0416 6.10237e-09 
 146 12.083 12.083 1.16874e-09 
 147 12.1244 12.1244 2.77804e-08 
 148 12.1655 12.1655 -3.0891e-08 
 149 12.2066 12.2066 2.04167e-08 
 150 12.2474 12.2474 -1.6925e-08 
 151 12.2882 12.2882 -3.03559e-08 
 152 12.3288 12.3288 1.20017e-08 
 153 12.3693 12.3693 -1.4382e-08 
 154 12.4097 12.4097 -3.61049e-09 
 155 12.4499 12.4499 -6.06215e-09 
 156 12.49 12.49 3.23266e-09 
 157 12.53 12.53 -2.88013e-08 
 158 12.5698 12.5698 -4.39841e-09 
 159 12.6095 12.6095 2.0177e-08 
 160 12.6491 12.6491 -1.21268e-08 
 161 12.6886 12.6886 -8.78964e-09 
 162 12.7279 12.7279 -2.97156e-08 
 163 12.7671 12.7671 1.39376e-08 
 164 12.8062 12.8062 -1.48357e-08 
 165 12.8452 12.8452 -2.99642e-08 
 166 12.8841 12.8841 -2.17266e-08 
 167 12.9228 12.9228 1.82249e-08 
 168 12.9615 12.9615 2.33349e-08 
 169 13 13 0 
 170 13.0384 13.0384 2.65127e-08 
 171 13.0767 13.0767 3.3246e-08 
 172 13.1149 13.1149 2.29871e-08 
 173 13.1529 13.1529 -2.60033e-09 
 174 13.1909 13.1909 2.93603e-08 
 175 13.2288 13.2288 -2.6403e-08 
 176 13.2665 13.2665 -2.69797e-08 
 177 13.3041 13.3041 2.45603e-08 
 178 13.3417 13.3417 -1.87491e-08 
 179 13.3791 13.3791 -1.80532e-08 
 180 13.4164 13.4164 2.08591e-08 
 181 13.4536 13.4536 2.04708e-08 
 182 13.4907 13.4907 -2.60777e-08 
 183 13.5277 13.5277 1.45541e-08 
 184 13.5647 13.5647 -7.82004e-09 
 185 13.6015 13.6015 -3.22414e-08 
 186 13.6382 13.6382 7.76092e-10 
 187 13.6748 13.6748 9.80598e-09 
 188 13.7113 13.7113 -1.69336e-08 
 189 13.7477 13.7477 -2.24936e-08 
 190 13.784 13.784 -2.04605e-08 
 191 13.8203 13.8203 -2.50079e-08 
 192 13.8564 13.8564 1.79482e-08 
 193 13.8924 13.8924 2.39359e-08 
 194 13.9284 13.9284 -2.28596e-08 
 195 13.9642 13.9642 -2.17619e-09 
 196 14 14 0 
 197 14.0357 14.0357 3.38075e-08 
 198 14.0712 14.0712 1.26954e-08 
 199 14.1067 14.1067 -1.44258e-08 
 200 14.1421 14.1421 2.55532e-10 
 201 14.1774 14.1774 -3.10545e-08 
 202 14.2127 14.2127 5.44014e-09 
 203 14.2478 14.2478 2.1035e-08 
 204 14.2829 14.2829 -5.8908e-09 
 205 14.3178 14.3178 -3.06897e-08 
 206 14.3527 14.3527 -9.68822e-09 
 207 14.3875 14.3875 -3.27337e-08 
 208 14.4222 14.4222 9.05149e-09 
 209 14.4568 14.4568 2.50908e-08 
 210 14.4914 14.4914 -9.01513e-09 
 211 14.5258 14.5258 1.33834e-08 
 212 14.5602 14.5602 9.51329e-10 
 213 14.5945 14.5945 -6.56732e-09 
 214 14.6287 14.6287 2.97365e-08 
 215 14.6629 14.6629 1.78762e-08 
 216 14.6969 14.6969 -3.94711e-09 
 217 14.7309 14.7309 1.67706e-09 
 218 14.7648 14.7648 6.79544e-09 
 219 14.7986 14.7986 -1.67096e-08 
 220 14.8324 14.8324 3.14803e-08 
 221 14.8661 14.8661 -6.23624e-09 
 222 14.8997 14.8997 -3.04097e-08 
 223 14.9332 14.9332 -6.74003e-09 
 224 14.9666 14.9666 -2.90579e-08 
 225 15 15 0 
 226 15.0333 15.0333 -1.37502e-08 
 227 15.0665 15.0665 2.58686e-08 
 228 15.0997 15.0997 2.43538e-08 
 229 15.1327 15.1327 1.37202e-08 
 230 15.1658 15.1658 2.53573e-08 
 231 15.1987 15.1987 2.72959e-08 
 232 15.2315 15.2315 -1.24905e-08 
 233 15.2643 15.2643 -1.12675e-09 
 234 15.2971 15.2971 2.84571e-08 
 235 15.3297 15.3297 -1.89148e-08 
 236 15.3623 15.3623 1.03941e-08 
 237 15.3948 15.3948 2.06229e-08 
 238 15.4272 15.4272 -2.1665e-08 
 239 15.4596 15.4596 -2.65466e-08 
 240 15.4919 15.4919 -2.826e-08 
 241 15.5242 15.5242 3.8736e-10 
 242 15.5563 15.5563 2.47773e-08 
 243 15.5885 15.5885 1.0301e-08 
 244 15.6205 15.6205 -1.65864e-08 
 245 15.6525 15.6525 -2.99142e-08 
 246 15.6844 15.6844 -4.18717e-09 
 247 15.7162 15.7162 2.49438e-08 
 248 15.748 15.748 2.18616e-08 
 249 15.7797 15.7797 1.14211e-08 
 250 15.8114 15.8114 1.8031e-08 
 251 15.843 15.843 5.4663e-09 
 252 15.8745 15.8745 -2.37268e-09 
 253 15.906 15.906 1.79894e-08 
 254 15.9374 15.9374 2.97725e-08 
 255 15.9687 15.9687 -3.74173e-09 
 256 16 16 0 
 257 16.0312 16.0312 3.70898e-09 
 258 16.0624 16.0624 2.95424e-08 
 259 16.0935 16.0935 -1.92447e-08 
 260 16.1245 16.1245 -2.28535e-09 
 261 16.1555 16.1555 -1.66221e-08 
 262 16.1864 16.1864 -4.09225e-08 
 263 16.2173 16.2173 -5.42187e-08 
 264 16.2481 16.2481 -3.59e-08 
 265 16.2788 16.2788 3.42935e-08 
 266 16.3095 16.3095 -5.76164e-08 
 267 16.3401 16.3401 -5.72806e-08 
 268 16.3707 16.3707 5.45405e-08 
 269 16.4012 16.4012 -5.2118e-08 
 270 16.4317 16.4317 -8.48782e-09 
 271 16.4621 16.4621 -2.80237e-08 
 272 16.4924 16.4924 2.4168e-08 
 273 16.5227 16.5227 5.09412e-08 
 274 16.5529 16.5529 -4.43094e-08 
 275 16.5831 16.5831 -1.26025e-08 
 276 16.6132 16.6132 4.86426e-08 
 277 16.6433 16.6433 4.255e-08 
 278 16.6733 16.6733 -1.28242e-08 
 279 16.7033 16.7033 1.44768e-08 
 280 16.7332 16.7332 2.73372e-08 
 281 16.7631 16.7631 4.29634e-08 
 282 16.7929 16.7929 -3.52938e-08 
 283 16.8226 16.8226 3.65908e-08 
 284 16.8523 16.8523 4.80516e-08 
 285 16.8819 16.8819 1.58223e-08 
 286 16.9115 16.9115 -4.36255e-08 
 287 16.9411 16.9411 -1.4899e-09 
 288 16.9706 16.9706 4.52122e-08 
 289 17 17 0 
 290 17.0294 17.0294 -9.07016e-09 
 291 17.0587 17.0587 3.32307e-08 
 292 17.088 17.088 3.02767e-08 
 293 17.1172 17.1172 -2.59894e-09 
 294 17.1464 17.1464 -5.02966e-08 
 295 17.1756 17.1756 1.31036e-08 
 296 17.2047 17.2047 -2.00423e-08 
 297 17.2337 17.2337 -2.40737e-08 
 298 17.2627 17.2627 1.52131e-08 
 299 17.2916 17.2916 1.50196e-09 
 300 17.3205 17.3205 -5.08773e-08 
 301 17.3494 17.3494 -1.78702e-08 
 302 17.3781 17.3781 4.12809e-09 
 303 17.4069 17.4069 2.88214e-08 
 304 17.4356 17.4356 -3.96833e-08 
 305 17.4642 17.4642 3.08829e-08 
 306 17.4929 17.4929 3.50151e-08 
 307 17.5214 17.5214 -1.3841e-08 
 308 17.5499 17.5499 6.24636e-09 
 309 17.5784 17.5784 -6.97385e-10 
 310 17.6068 17.6068 -2.17998e-08 
 311 17.6352 17.6352 -4.43741e-08 
 312 17.6635 17.6635 5.20659e-08 
 313 17.6918 17.6918 -4.41028e-08 
 314 17.72 17.72 3.21374e-09 
 315 17.7482 17.7482 -9.46083e-09 
 316 17.7764 17.7764 3.74821e-08 
 317 17.8045 17.8045 4.85454e-08 
 318 17.8326 17.8326 3.56988e-08 
 319 17.8606 17.8606 1.07443e-08 
 320 17.8885 17.8885 -1.46822e-08 
 321 17.9165 17.9165 -2.91075e-08 
 322 17.9444 17.9444 -2.12188e-08 
 323 17.9722 17.9722 2.01386e-08 
 324 18 18 0 
 325 18.0278 18.0278 3.55017e-08 
 326 18.0555 18.0555 3.16983e-08 
 327 18.0831 18.0831 -3.80419e-10 
 328 18.1108 18.1108 -4.98557e-08 
 329 18.1384 18.1384 -8.4123e-10 
 330 18.1659 18.1659 5.1773e-08 
 331 18.1934 18.1934 1.35925e-08 
 332 18.2209 18.2209 7.16857e-11 
 333 18.2483 18.2483 2.13701e-08 
 334 18.2757 18.2757 -1.6856e-08 
 335 18.303 18.303 -4.27653e-11 
 336 18.3303 18.3303 -2.24936e-08 
 337 18.3576 18.3576 2.97743e-08 
 338 18.3848 18.3848 -4.12429e-08 
 339 18.412 18.412 -1.80801e-08 
 340 18.4391 18.4391 5.0531e-09 
 341 18.4662 18.4662 3.77192e-08 
 342 18.4932 18.4932 -1.37827e-08 
 343 18.5203 18.5203 -3.67017e-08 
 344 18.5472 18.5472 -2.18496e-08 
 345 18.5742 18.5742 3.98416e-08 
 346 18.6011 18.6011 -4.77585e-08 
 347 18.6279 18.6279 3.22447e-08 
 348 18.6548 18.6548 -1.86114e-08 
 349 18.6815 18.6815 1.335e-08 
 350 18.7083 18.7083 3.46621e-08 
 351 18.735 18.735 -4.76707e-08 
 352 18.7617 18.7617 -2.11919e-08 
 353 18.7883 18.7883 2.07339e-08 
 354 18.8149 18.8149 -1.47894e-08 
 355 18.8414 18.8414 -1.77315e-08 
 356 18.868 18.868 2.01701e-08 
 357 18.8944 18.8944 6.12499e-09 
 358 18.9209 18.9209 4.94171e-08 
 359 18.9473 18.9473 -4.3335e-08 
 360 18.9737 18.9737 3.81362e-08 
 361 19 19 0 
 362 19.0263 19.0263 -4.90116e-08 
 363 19.0526 19.0526 -8.22364e-10 
 364 19.0788 19.0788 -4.79217e-08 
 365 19.105 19.105 1.75445e-08 
 366 19.1311 19.1311 3.44467e-09 
 367 19.1572 19.1572 1.73318e-08 
 368 19.1833 19.1833 -3.27337e-08 
 369 19.2094 19.2094 -3.96589e-08 
 370 19.2354 19.2354 3.85979e-09 
 371 19.2614 19.2614 6.0121e-09 
 372 19.2873 19.2873 -2.56763e-08 
 373 19.3132 19.3132 1.4989e-08 
 374 19.3391 19.3391 3.63314e-08 
 375 19.3649 19.3649 4.56113e-08 
 376 19.3907 19.3907 -4.83616e-08 
 377 19.4165 19.4165 -4.16406e-08 
 378 19.4422 19.4422 -2.57168e-08 
 379 19.4679 19.4679 6.33033e-09 
 380 19.4936 19.4936 -3.65057e-08 
 381 19.5192 19.5192 4.83508e-08 
 382 19.5448 19.5448 -2.55735e-08 
 383 19.5704 19.5704 4.14674e-08 
 384 19.5959 19.5959 -3.63918e-08 
 385 19.6214 19.6214 3.96724e-08 
 386 19.6469 19.6469 -1.55992e-08 
 387 19.6723 19.6723 -1.25192e-09 
 388 19.6977 19.6977 -7.90372e-09 
 389 19.7231 19.7231 -2.9041e-08 
 390 19.7484 19.7484 3.83573e-08 
 391 19.7737 19.7737 7.36774e-09 
 392 19.799 19.799 -1.90116e-08 
 393 19.8242 19.8242 -3.45609e-08 
 394 19.8494 19.8494 -3.31318e-08 
 395 19.8746 19.8746 -8.6457e-09 
 396 19.8997 19.8997 4.49062e-08 
 397 19.9249 19.9249 3.77373e-08 
 398 19.9499 19.9499 -2.39186e-08 
 399 19.975 19.975 -3.84102e-08 
 400 20 20 0 
 401 20.025 20.025 1.73581e-09 
 402 20.0499 20.0499 -2.7239e-08 
 403 20.0749 20.0749 1.39849e-08 
 404 20.0998 20.0998 3.59926e-08 
 405 20.1246 20.1246 4.45534e-08 
 406 20.1494 20.1494 4.53724e-08 
 407 20.1742 20.1742 4.40922e-08 
 408 20.199 20.199 4.62931e-08 
 409 20.2237 20.2237 -3.68186e-08 
 410 20.2485 20.2485 -1.10448e-08 
 411 20.2731 20.2731 3.4585e-08 
 412 20.2978 20.2978 1.14414e-08 
 413 20.3224 20.3224 1.90011e-08 
 414 20.347 20.347 -3.12553e-08 
 415 20.3715 20.3715 -4.01962e-08 
 416 20.3961 20.3961 -2.71474e-09 
 417 20.4206 20.4206 -7.16275e-09 
 418 20.445 20.445 4.50828e-08 
 419 20.4695 20.4695 -2.73974e-08 
 420 20.4939 20.4939 -3.29123e-08 
 421 20.5183 20.5183 3.33697e-08 
 422 20.5426 20.5426 -9.46871e-09 
 423 20.567 20.567 2.94357e-08 
 424 20.5913 20.5913 -3.05013e-08 
 425 20.6155 20.6155 1.038e-09 
 426 20.6398 20.6398 3.62133e-08 
 427 20.664 20.664 -1.24317e-08 
 428 20.6882 20.6882 4.46125e-08 
 429 20.7123 20.7123 2.7592e-08 
 430 20.7364 20.7364 3.35042e-08 
 431 20.7605 20.7605 -2.48798e-08 
 432 20.7846 20.7846 4.08901e-08 
 433 20.8087 20.8087 -3.99412e-08 
 434 20.8327 20.8327 1.24278e-08 
 435 20.8567 20.8567 1.92319e-08 
 436 20.8806 20.8806 -1.48082e-08 
 437 20.9045 20.9045 6.22088e-09 
 438 20.9284 20.9284 -4.50492e-09 
 439 20.9523 20.9523 -4.24065e-08 
 440 20.9762 20.9762 -1.20219e-08 
 441 21 21 0 
 442 21.0238 21.0238 -1.89853e-09 
 443 21.0476 21.0476 -1.33201e-08 
 444 21.0713 21.0713 -2.99118e-08 
 445 21.095 21.095 4.30524e-08 
 446 21.1187 21.1187 2.89026e-08 
 447 21.1424 21.1424 2.23802e-08 
 448 21.166 21.166 2.76652e-08 
 449 21.1896 21.1896 -4.11174e-08 
 450 21.2132 21.2132 2.55532e-10 
 451 21.2368 21.2368 -2.40877e-08 
 452 21.2603 21.2603 -2.01198e-08 
 453 21.2838 21.2838 1.61328e-08 
 454 21.3073 21.3073 -9.11999e-10 
 455 21.3307 21.3307 2.23536e-08 
 456 21.3542 21.3542 4.6464e-10 
 457 21.3776 21.3776 2.67531e-08 
 458 21.4009 21.4009 1.58718e-08 
 459 21.4243 21.4243 -2.81477e-08 
 460 21.4476 21.4476 -1.23825e-08 
 461 21.4709 21.4709 -2.20027e-08 
 462 21.4942 21.4942 3.56462e-08 
 463 21.5174 21.5174 -1.3129e-08 
 464 21.5407 21.5407 1.28934e-08 
 465 21.5639 21.5639 2.87806e-08 
 466 21.587 21.587 3.83011e-08 
 467 21.6102 21.6102 -4.30744e-08 
 468 21.6333 21.6333 -3.50321e-08 
 469 21.6564 21.6564 -2.22673e-08 
 470 21.6795 21.6795 -1.15397e-09 
 471 21.7025 21.7025 3.18989e-08 
 472 21.7256 21.7256 -7.34468e-09 
 473 21.7486 21.7486 -2.73833e-08 
 474 21.7715 21.7715 -2.47287e-08 
 475 21.7945 21.7945 4.07429e-09 
 476 21.8174 21.8174 -2.49754e-08 
 477 21.8403 21.8403 -2.08815e-08 
 478 21.8632 21.8632 1.97123e-08 
 479 21.8861 21.8861 1.29819e-08 
 480 21.9089 21.9089 -3.75072e-08 
 481 21.9317 21.9317 -4.12547e-08 
 482 21.9545 21.9545 4.96866e-09 
 483 21.9773 21.9773 1.75744e-08 
 484 22 22 0 
 485 22.0227 22.0227 4.22599e-08 
 486 22.0454 22.0454 -2.55769e-08 
 487 22.0681 22.0681 -2.70385e-08 
 488 22.0907 22.0907 4.09223e-08 
 489 22.1133 22.1133 8.8178e-09 
 490 22.1359 22.1359 -3.36682e-08 
 491 22.1585 22.1585 2.76586e-09 
 492 22.1811 22.1811 3.50619e-08 
 493 22.2036 22.2036 -1.95163e-08 
 494 22.2261 22.2261 1.40609e-08 
 495 22.2486 22.2486 -3.28164e-08 
 496 22.2711 22.2711 1.44768e-08 
 497 22.2935 22.2935 -1.23786e-08 
 498 22.3159 22.3159 -2.46296e-08 
 499 22.3383 22.3383 -1.92791e-08 
 500 22.3607 22.3607 6.6426e-09 
 501 22.383 22.383 -2.91357e-08 
 502 22.4054 22.4054 -3.83137e-08 
 503 22.4277 22.4277 -1.80022e-08 
 504 22.4499 22.4499 3.46621e-08 
 505 22.4722 22.4722 3.76407e-08 
 506 22.4944 22.4944 -6.00275e-09 
 507 22.5167 22.5167 -8.52312e-09 
 508 22.5389 22.5389 3.28397e-08 
 509 22.561 22.561 3.62794e-08 
 510 22.5832 22.5832 4.75555e-09 
 511 22.6053 22.6053 2.55781e-08 
 512 22.6274 22.6274 1.71143e-08 
 513 22.6495 22.6495 -1.7752e-08 
 514 22.6716 22.6716 7.96765e-09 
 515 22.6936 22.6936 1.28142e-08 
 516 22.7156 22.7156 -4.02053e-10 
 517 22.7376 22.7376 -2.88952e-08 
 518 22.7596 22.7596 1.39006e-08 
 519 22.7816 22.7816 -3.69654e-08 
 520 22.8035 22.8035 -1.1251e-08 
 521 22.8254 22.8254 9.9315e-09 
 522 22.8473 22.8473 2.92507e-08 
 523 22.8692 22.8692 -3.40503e-08 
 524 22.891 22.891 -1.04639e-08 
 525 22.9129 22.9129 1.91281e-08 
 526 22.9347 22.9347 -2.58606e-08 
 527 22.9565 22.9565 2.35338e-08 
 528 22.9783 22.9783 3.59523e-09 
 529 23 23 0 
 530 23.0217 23.0217 1.52385e-08 
 531 23.0434 23.0434 -3.09918e-08 
 532 23.0651 23.0651 2.93787e-08 
 533 23.0868 23.0868 3.33109e-08 
 534 23.1084 23.1084 -1.65562e-08 
 535 23.1301 23.1301 -3.51437e-08 
 536 23.1517 23.1517 -2.00871e-08 
 537 23.1733 23.1733 3.09583e-08 
 538 23.1948 23.1948 3.80856e-08 
 539 23.2164 23.2164 3.82852e-09 
 540 23.2379 23.2379 1.27796e-08 
 541 23.2594 23.2594 -1.47996e-08 
 542 23.2809 23.2809 5.4912e-09 
 543 23.3024 23.3024 -5.9739e-09 
 544 23.3238 23.3238 3.50151e-08 
 545 23.3452 23.3452 -3.27573e-08 
 546 23.3666 23.3666 3.82085e-08 
 547 23.388 23.388 5.18187e-09 
 548 23.4094 23.4094 3.36979e-08 
 549 23.4307 23.4307 -3.69373e-08 
 550 23.4521 23.4521 3.98053e-08 
 551 23.4734 23.4734 2.20137e-08 
 552 23.4947 23.4947 -6.62795e-09 
 553 23.516 23.516 3.7251e-08 
 554 23.5372 23.5372 -6.39634e-09 
 555 23.5584 23.5584 2.68001e-08 
 556 23.5797 23.5797 -2.29499e-08 
 557 23.6008 23.6008 8.39585e-09 
 558 23.622 23.622 -3.86968e-08 
 559 23.6432 23.6432 -5.1153e-10 
 560 23.6643 23.6643 -3.63276e-08 
 561 23.6854 23.6854 1.7248e-08 
 562 23.7065 23.7065 1.18983e-09 
 563 23.7276 23.7276 -1.81568e-09 
 564 23.7487 23.7487 1.03009e-08 
 565 23.7697 23.7697 3.95924e-08 
 566 23.7908 23.7908 7.92339e-09 
 567 23.8118 23.8118 -2.37268e-09 
 568 23.8328 23.8328 1.07076e-08 
 569 23.8537 23.8537 -3.08086e-08 
 570 23.8747 23.8747 3.5041e-08 
 571 23.8956 23.8956 -2.94586e-08 
 572 23.9165 23.9165 1.73025e-08 
 573 23.9374 23.9374 1.76779e-08 
 574 23.9583 23.9583 -2.62151e-08 
 575 23.9792 23.9792 -3.27337e-08 
 576 24 24 0 
 577 24.0208 24.0208 -5.55536e-09 
 578 24.0416 24.0416 3.19896e-08 
 579 24.0624 24.0624 3.52011e-08 
 580 24.0832 24.0832 6.10237e-09 
 581 24.1039 24.1039 2.58316e-08 
 582 24.1247 24.1247 1.71151e-08 
 583 24.1454 24.1454 -1.8069e-08 
 584 24.1661 24.1661 1.16874e-09 
 585 24.1868 24.1868 -2.28535e-09 
 586 24.2074 24.2074 -2.64976e-08 
 587 24.2281 24.2281 9.17576e-09 
 588 24.2487 24.2487 2.77804e-08 
 589 24.2693 24.2693 3.1207e-08 
 590 24.2899 24.2899 2.13316e-08 
 591 24.3105 24.3105 1.63217e-11 
 592 24.3311 24.3311 -3.0891e-08 
 593 24.3516 24.3516 8.76913e-09 
 594 24.3721 24.3721 -3.59e-08 
 595 24.3926 24.3926 -6.50679e-09 
 596 24.4131 24.4131 2.04167e-08 
 597 24.4336 24.4336 -3.14123e-08 
 598 24.454 24.454 -4.03697e-09 
 599 24.4745 24.4745 2.61679e-08 
 600 24.4949 24.4949 -1.6925e-08 
 601 24.5153 24.5153 2.42106e-08 
 602 24.5357 24.5357 -4.38129e-09 
 603 24.5561 24.5561 -2.31328e-08 
 604 24.5764 24.5764 -3.03559e-08 
 605 24.5967 24.5967 -2.43753e-08 
 606 24.6171 24.6171 -3.52819e-09 
 607 24.6374 24.6374 3.38358e-08 
 608 24.6577 24.6577 1.20017e-08 
 609 24.6779 24.6779 1.00755e-08 
 610 24.6982 24.6982 2.96706e-08 
 611 24.7184 24.7184 -4.77474e-09 
 612 24.7386 24.7386 -1.4382e-08 
 613 24.7588 24.7588 2.42597e-09 
 614 24.779 24.779 -2.97598e-08 
 615 24.7992 24.7992 -3.22858e-08 
 616 24.8193 24.8193 -3.61049e-09 
 617 24.8395 24.8395 -1.89903e-08 
 618 24.8596 24.8596 5.13022e-12 
 619 24.8797 24.8797 -2.17797e-08 
 620 24.8998 24.8998 -6.06215e-09 
 621 24.9199 24.9199 -2.78967e-08 
 622 24.9399 24.9399 -9.14717e-09 
 623 24.96 24.96 -2.47675e-08 
 624 24.98 24.98 3.23266e-09 
 625 25 25 0 
 626 25.02 25.02 -3.28527e-08 
 627 25.04 25.04 -1.7552e-08 
 628 25.0599 25.0599 -2.88013e-08 
 629 25.0799 25.0799 1.10296e-08 
 630 25.0998 25.0998 2.73372e-08 
 631 25.1197 25.1197 2.1679e-08 
 632 25.1396 25.1396 -4.39841e-09 
 633 25.1595 25.1595 2.64509e-08 
 634 25.1794 25.1794 -3.59286e-08 
 635 25.1992 25.1992 3.72293e-08 
 636 25.219 25.219 2.0177e-08 
 637 25.2389 25.2389 -9.84148e-09 
 638 25.2587 25.2587 2.41695e-08 
 639 25.2784 25.2785 -2.74019e-08 
 640 25.2982 25.2982 -1.21268e-08 
 641 25.318 25.318 -4.06546e-09 
 642 25.3377 25.3377 -1.77534e-09 
 643 25.3574 25.3574 -3.82419e-09 
 644 25.3772 25.3772 -8.78964e-09 
 645 25.3969 25.3969 -1.52593e-08 
 646 25.4165 25.4165 -2.18304e-08 
 647 25.4362 25.4362 -2.71102e-08 
 648 25.4558 25.4558 -2.97156e-08 
 649 25.4755 25.4755 -2.82728e-08 
 650 25.4951 25.4951 -2.14178e-08 
 651 25.5147 25.5147 -7.79612e-09 
 652 25.5343 25.5343 1.39376e-08 
 653 25.5539 25.5539 -2.95211e-08 
 654 25.5734 25.5734 1.24922e-08 
 655 25.593 25.593 -7.92878e-09 
 656 25.6125 25.6125 -1.48357e-08 
 657 25.632 25.632 -6.92968e-09 
 658 25.6515 25.6515 1.70795e-08 
 659 25.671 25.671 -1.58269e-08 
 660 25.6905 25.6905 -2.99642e-08 
 661 25.7099 25.7099 -2.40691e-08 
 662 25.7294 25.7294 3.1129e-09 
 663 25.7488 25.7488 -2.12477e-08 
 664 25.7682 25.7682 -2.17266e-08 
 665 25.7876 25.7876 2.9046e-09 
 666 25.807 25.807 -2.00423e-08 
 667 25.8263 25.8263 -1.53366e-08 
 668 25.8457 25.8457 1.82249e-08 
 669 25.865 25.865 8.09439e-09 
 670 25.8844 25.8844 2.9311e-08 
 671 25.9037 25.9037 9.42052e-09 
 672 25.923 25.923 2.33349e-08 
 673 25.9422 25.9422 -1.30691e-09 
 674 25.9615 25.9615 1.02808e-08 
 675 25.9808 25.9808 -1.41703e-08 
 676 26 26 0 
 677 26.0192 26.0192 -1.93839e-08 
 678 26.0384 26.0384 2.21334e-09 
 679 26.0576 26.0576 -7.29157e-09 
 680 26.0768 26.0768 2.65127e-08 
 681 26.096 26.096 3.1635e-08 
 682 26.1151 26.1151 9.32701e-09 
 683 26.1343 26.1343 3.38153e-08 
 684 26.1534 26.1534 3.3246e-08 
 685 26.1725 26.1725 8.8473e-09 
 686 26.1916 26.1916 3.46621e-08 
 687 26.2107 26.2107 -3.37961e-08 
 688 26.2298 26.2298 2.29871e-08 
 689 26.2488 26.2488 -1.21011e-08 
 690 26.2679 26.2679 7.51005e-09 
 691 26.2869 26.2869 1.02855e-08 
 692 26.3059 26.3059 -2.60033e-09 
 693 26.3249 26.3249 -2.99807e-08 
 694 26.3439 26.3439 1.70559e-09 
 695 26.3629 26.3629 2.11043e-08 
 696 26.3818 26.3818 2.93603e-08 
 697 26.4008 26.4008 2.7611e-08 
 698 26.4197 26.4197 1.69865e-08 
 699 26.4386 26.4386 -1.39005e-09 
 700 26.4575 26.4575 -2.6403e-08 
 701 26.4764 26.4764 1.50959e-08 
 702 26.4953 26.4953 -1.99223e-08 
 703 26.5141 26.5141 1.3665e-08 
 704 26.533 26.533 -2.69797e-08 
 705 26.5518 26.5518 3.04723e-09 
 706 26.5707 26.5707 3.2883e-08 
 707 26.5895 26.5895 -8.13856e-09 
 708 26.6083 26.6083 2.45603e-08 
 709 26.6271 26.6271 -1.13827e-08 
 710 26.6458 26.6458 2.83938e-08 
 711 26.6646 26.6646 1.71651e-09 
 712 26.6833 26.6833 -1.87491e-08 
 713 26.7021 26.7021 -3.1976e-08 
 714 26.7208 26.7208 3.44368e-08 
 715 26.7395 26.7395 -3.26388e-08 
 716 26.7582 26.7582 -1.80532e-08 
 717 26.7769 26.7769 7.81428e-09 
 718 26.7955 26.7955 -2.52233e-08 
 719 26.8142 26.8142 2.62355e-08 
 720 26.8328 26.8328 2.08591e-08 
 721 26.8514 26.8514 3.0805e-08 
 722 26.8701 26.8701 -1.39413e-08 
 723 26.8887 26.8887 2.96013e-08 
 724 26.9072 26.9072 2.04708e-08 
 725 26.9258 26.9258 3.06027e-08 
 726 26.9444 26.9444 -9.84614e-09 
 727 26.9629 26.9629 -2.90506e-08 
 728 26.9815 26.9815 -2.60777e-08 
 729 27 27 0 
 730 27.0185 27.0185 -2.04903e-08 
 731 27.037 27.037 -1.59422e-08 
 732 27.0555 27.0555 1.45541e-08 
 733 27.074 27.074 1.45289e-09 
 734 27.0924 27.0924 1.61981e-08 
 735 27.1109 27.1109 -1.06716e-08 
 736 27.1293 27.1293 -7.82004e-09 
 737 27.1477 27.1477 2.56338e-08 
 738 27.1662 27.1662 2.03548e-08 
 739 27.1846 27.1846 -2.26443e-08 
 740 27.2029 27.2029 -3.22414e-08 
 741 27.2213 27.2213 -7.57784e-09 
 742 27.2397 27.2397 -1.78213e-08 
 743 27.258 27.258 7.99145e-09 
 744 27.2764 27.2764 7.76092e-10 
 745 27.2947 27.2947 3.13905e-08 
 746 27.313 27.313 3.08334e-08 
 747 27.3313 27.3313 7.16857e-11 
 748 27.3496 27.3496 9.80598e-09 
 749 27.3679 27.3679 -8.8409e-09 
 750 27.3861 27.3861 1.47277e-08 
 751 27.4044 27.4044 1.1717e-08 
 752 27.4226 27.4226 -1.69336e-08 
 753 27.4408 27.4408 -7.82682e-10 
 754 27.4591 27.4591 -8.50187e-09 
 755 27.4773 27.4773 3.02476e-08 
 756 27.4955 27.4955 -2.24936e-08 
 757 27.5136 27.5136 -2.70278e-08 
 758 27.5318 27.5318 1.7415e-08 
 759 27.55 27.55 -2.6865e-08 
 760 27.5681 27.5681 -2.04605e-08 
 761 27.5862 27.5862 -3.17576e-08 
 762 27.6043 27.6043 9.22611e-09 
 763 27.6225 27.6225 3.41856e-08 
 764 27.6405 27.6406 -2.50079e-08 
 765 27.6586 27.6586 -2.94271e-08 
 766 27.6767 27.6767 2.16593e-08 
 767 27.6948 27.6948 -8.76303e-09 
 768 27.7128 27.7128 1.79482e-08 
 769 27.7308 27.7308 3.37294e-08 
 770 27.7489 27.7489 -2.93087e-08 
 771 27.7669 27.7669 -3.28076e-08 
 772 27.7849 27.7849 2.39359e-08 
 773 27.8029 27.8029 4.41567e-09 
 774 27.8209 27.8209 -2.18496e-08 
 775 27.8388 27.8388 1.44768e-08 
 776 27.8568 27.8568 -2.28596e-08 
 777 27.8747 27.8747 3.9384e-09 
 778 27.8927 27.8927 2.71654e-08 
 779 27.9106 27.9106 -2.07124e-08 
 780 27.9285 27.9285 -2.17619e-09 
 781 27.9464 27.9464 1.51872e-08 
 782 27.9643 27.9643 3.21679e-08 
 783 27.9821 27.9821 -1.86114e-08 
 784 28 28 0 
 785 28.0179 28.0179 2.05722e-08 
 786 28.0357 28.0357 -2.41554e-08 
 787 28.0535 28.0535 2.69393e-09 
 788 28.0713 28.0713 3.38075e-08 
 789 28.0891 28.0891 2.04081e-09 
 790 28.1069 28.1069 -2.38619e-08 
 791 28.1247 28.1247 2.46669e-08 
 792 28.1425 28.1425 1.26954e-08 
 793 28.1603 28.1603 8.82551e-09 
 794 28.178 28.178 1.37946e-08 
 795 28.1957 28.1957 2.83359e-08 
 796 28.2135 28.2135 -1.44258e-08 
 797 28.2312 28.2312 2.14852e-08 
 798 28.2489 28.2489 1.62336e-09 
 799 28.2666 28.2666 -5.69062e-09 
 800 28.2843 28.2843 2.55532e-10 
 801 28.3019 28.3019 2.01701e-08 
 802 28.3196 28.3196 -1.25936e-08 
 803 28.3373 28.3373 -2.99004e-08 
 804 28.3549 28.3549 -3.10545e-08 
 805 28.3725 28.3725 -1.53636e-08 
 806 28.3901 28.3901 1.78604e-08 
 807 28.4077 28.4077 2.15981e-09 
 808 28.4253 28.4253 5.44014e-09 
 809 28.4429 28.4429 2.83777e-08 
 810 28.4605 28.4605 4.6275e-09 
 811 28.4781 28.4781 1.95838e-09 
 812 28.4956 28.4956 2.1035e-08 
 813 28.5132 28.5132 -4.37531e-09 
 814 28.5307 28.5307 -6.63953e-09 
 815 28.5482 28.5482 1.48956e-08 
 816 28.5657 28.5657 -5.8908e-09 
 817 28.5832 28.5832 -1.50056e-09 
 818 28.6007 28.6007 2.87084e-08 
 819 28.6182 28.6182 1.87264e-08 
 820 28.6356 28.6356 -3.06897e-08 
 821 28.6531 28.6531 1.43468e-08 
 822 28.6705 28.6705 2.12887e-08 
 823 28.688 28.688 -9.11867e-09 
 824 28.7054 28.7054 -9.68822e-09 
 825 28.7228 28.7228 2.01966e-08 
 826 28.7402 28.7402 1.47837e-08 
 827 28.7576 28.7576 -2.51968e-08 
 828 28.775 28.775 -3.27337e-08 
 829 28.7924 28.7924 -7.22449e-09 
 830 28.8097 28.8097 -1.42753e-08 
 831 28.8271 28.8271 1.29945e-08 
 832 28.8444 28.8444 9.05149e-09 
 833 28.8617 28.8617 -2.53963e-08 
 834 28.8791 28.8791 -2.35985e-08 
 835 28.8964 28.8964 1.50266e-08 
 836 28.9137 28.9137 2.50908e-08 
 837 28.931 28.931 7.28753e-09 
 838 28.9482 28.9482 2.81952e-08 
 839 28.9655 28.9655 2.25333e-08 
 840 28.9828 28.9828 -9.01513e-09 
 841 29 29 0 
 842 29.0172 29.0172 -1.55942e-08 
 843 29.0345 29.0345 1.05674e-08 
 844 29.0517 29.0517 1.33834e-08 
 845 29.0689 29.0689 -6.48036e-09 
 846 29.0861 29.0861 1.72144e-08 
 847 29.1033 29.1033 1.94731e-08 
 848 29.1204 29.1204 9.51329e-10 
 849 29.1376 29.1376 2.77614e-08 
 850 29.1548 29.1548 -3.04064e-08 
 851 29.1719 29.1719 2.33581e-08 
 852 29.189 29.189 -6.56732e-09 
 853 29.2062 29.2062 1.11842e-08 
 854 29.2233 29.2233 1.18656e-08 
 855 29.2404 29.2404 -3.89073e-09 
 856 29.2575 29.2575 2.97365e-08 
 857 29.2746 29.2746 -1.70484e-08 
 858 29.2916 29.2916 -1.32769e-08 
 859 29.3087 29.3087 -2.35209e-08 
 860 29.3258 29.3258 1.78762e-08 
 861 29.3428 29.3428 -1.85901e-08 
 862 29.3598 29.3598 -2.26714e-09 
 863 29.3769 29.3769 2.41248e-09 
 864 29.3939 29.3939 -3.94711e-09 
 865 29.4109 29.4109 -2.07448e-08 
 866 29.4279 29.4279 1.74317e-08 
 867 29.4449 29.4449 -1.84888e-08 
 868 29.4618 29.4618 1.67706e-09 
 869 29.4788 29.4788 1.37039e-08 
 870 29.4958 29.4958 1.81778e-08 
 871 29.5127 29.5127 1.56816e-08 
 872 29.5296 29.5296 6.79544e-09 
 873 29.5466 29.5466 -7.90372e-09 
 874 29.5635 29.5635 -2.78418e-08 
 875 29.5804 29.5804 1.20326e-08 
 876 29.5973 29.5973 -1.67096e-08 
 877 29.6142 29.6142 1.54206e-08 
 878 29.6311 29.6311 -1.98641e-08 
 879 29.6479 29.6479 6.77235e-09 
 880 29.6648 29.6648 3.14803e-08 
 881 29.6816 29.6816 -9.44643e-09 
 882 29.6985 29.6985 1.31003e-08 
 883 29.7153 29.7153 -2.88152e-08 
 884 29.7321 29.7321 -6.23624e-09 
 885 29.7489 29.7489 1.71564e-08 
 886 29.7658 29.7658 -2.2176e-08 
 887 29.7825 29.7825 4.49757e-09 
 888 29.7993 29.7993 -3.04097e-08 
 889 29.8161 29.8161 1.68311e-09 
 890 29.8329 29.8329 -2.66718e-08 
 891 29.8496 29.8496 1.29569e-08 
 892 29.8664 29.8664 -6.74003e-09 
 893 29.8831 29.8831 -2.13071e-08 
 894 29.8998 29.8998 -3.02258e-08 
 895 29.9166 29.9165 3.07751e-08 
 896 29.9333 29.9333 -2.90579e-08 
 897 29.95 29.95 -1.79475e-08 
 898 29.9666 29.9666 8.58847e-10 
 899 29.9833 29.9833 2.78665e-08 
 900 30 30 0 
 901 30.0167 30.0167 -1.85913e-08 
 902 30.0333 30.0333 -2.74098e-08 
 903 30.05 30.05 -2.59603e-08 
 904 30.0666 30.0666 -1.37502e-08 
 905 30.0832 30.0832 9.71083e-09 
 906 30.0998 30.0998 -1.8457e-08 
 907 30.1164 30.1164 2.90013e-08 
 908 30.133 30.133 2.58686e-08 
 909 30.1496 30.1496 -2.72701e-08 
 910 30.1662 30.1662 -3.37684e-09 
 911 30.1828 30.1828 -2.8467e-08 
 912 30.1993 30.1993 2.43538e-08 
 913 30.2159 30.2159 2.9204e-08 
 914 30.2324 30.2324 -1.33443e-08 
 915 30.249 30.249 2.33881e-08 
 916 30.2655 30.2655 1.37202e-08 
 917 30.282 30.282 2.12022e-08 
 918 30.2985 30.2985 -1.66588e-08 
 919 30.315 30.315 2.65314e-08 
 920 30.3315 30.3315 2.53573e-08 
 921 30.348 30.348 -1.96266e-08 
 922 30.3645 30.3645 1.77615e-08 
 923 30.3809 30.3809 1.23043e-08 
 924 30.3974 30.3974 2.72959e-08 
 925 30.4138 30.4138 4.65644e-10 
 926 30.4302 30.4302 -4.9652e-09 
 927 30.4467 30.4467 1.14414e-08 
 928 30.4631 30.4631 -1.24905e-08 
 929 30.4795 30.4795 -1.36481e-08 
 930 30.4959 30.4959 8.40001e-09 
 931 30.5123 30.5123 -8.42787e-09 
 932 30.5287 30.5287 -1.12675e-09 
 933 30.545 30.545 3.07281e-08 
 934 30.5614 30.5614 2.51491e-08 
 935 30.5778 30.5778 -1.73431e-08 
 936 30.5941 30.5941 2.84571e-08 
 937 30.6105 30.6105 -2.40652e-08 
 938 30.6268 30.6268 1.2535e-08 
 939 30.6431 30.6431 1.40821e-08 
 940 30.6594 30.6594 -1.89148e-08 
 941 30.6757 30.6757 -2.37708e-08 
 942 30.692 30.692 -8.0331e-11 
 943 30.7083 30.7083 -9.55177e-09 
 944 30.7246 30.7246 1.03941e-08 
 945 30.7409 30.7409 -1.88929e-09 
 946 30.7571 30.7571 1.61071e-08 
 947 30.7734 30.7734 2.79808e-09 
 948 30.7896 30.7896 2.06229e-08 
 949 30.8058 30.8058 8.0578e-09 
 950 30.8221 30.8221 2.74723e-08 
 951 30.8383 30.8383 1.74038e-08 
 952 30.8545 30.8545 -2.1665e-08 
 953 30.8707 30.8707 -2.74683e-08 
 954 30.8869 30.8869 3.75047e-10 
 955 30.9031 30.9031 5.24172e-10 
 956 30.9192 30.9193 -2.65466e-08 
 957 30.9354 30.9354 -1.87092e-08 
 958 30.9516 30.9516 2.44098e-08 
 959 30.9677 30.9677 -2.00008e-08 
 960 30.9839 30.9839 -2.826e-08 
 961 31 31 0 
 962 31.0161 31.0161 3.64971e-09 
 963 31.0322 31.0322 -1.6851e-08 
 964 31.0483 31.0483 3.8736e-10 
 965 31.0644 31.0644 -5.6748e-09 
 966 31.0805 31.0805 2.67843e-08 
 967 31.0966 31.0966 -2.45511e-08 
 968 31.1127 31.1127 2.47773e-08 
 969 31.1288 31.1288 -8.79105e-09 
 970 31.1448 31.1448 -2.23299e-09 
 971 31.1609 31.1609 -1.6409e-08 
 972 31.1769 31.1769 1.0301e-08 
 973 31.1929 31.1929 1.70958e-08 
 974 31.209 31.209 4.41368e-09 
 975 31.225 31.225 -2.73094e-08 
 976 31.241 31.241 -1.65864e-08 
 977 31.257 31.257 -2.41004e-08 
 978 31.273 31.273 1.15692e-08 
 979 31.289 31.289 2.97984e-08 
 980 31.305 31.305 -2.99142e-08 
 981 31.3209 31.3209 1.56402e-08 
 982 31.3369 31.3369 -1.58995e-08 
 983 31.3528 31.3528 -2.34936e-09 
 984 31.3688 31.3688 -4.18717e-09 
 985 31.3847 31.3847 -2.09955e-08 
 986 31.4006 31.4006 8.38332e-09 
 987 31.4166 31.4166 2.35591e-08 
 988 31.4325 31.4325 2.49438e-08 
 989 31.4484 31.4484 1.29474e-08 
 990 31.4643 31.4643 -1.20219e-08 
 991 31.4802 31.4802 1.10313e-08 
 992 31.496 31.496 2.18616e-08 
 993 31.5119 31.5119 2.08718e-08 
 994 31.5278 31.5278 8.46305e-09 
 995 31.5436 31.5436 -1.49652e-08 
 996 31.5595 31.5595 1.14211e-08 
 997 31.5753 31.5753 2.75207e-08 
 998 31.5911 31.5911 -2.66486e-08 
 999 31.607 31.607 -2.99118e-08 
 1000 31.6228 31.6228 1.8031e-08 
 1001 31.6386 31.6386 -3.09275e-09 
 1002 31.6544 31.6544 2.77055e-08 
 1003 31.6702 31.6702 -9.72972e-09 
 1004 31.686 31.686 5.4663e-09 
 1005 31.7017 31.7017 1.34203e-08 
 1006 31.7175 31.7175 1.45129e-08 
 1007 31.7333 31.7333 9.12285e-09 
 1008 31.749 31.749 -2.37268e-09 
 1009 31.7648 31.7648 -1.95982e-08 
 1010 31.7805 31.7805 1.78365e-08 
 1011 31.7962 31.7962 -9.75888e-09 
 1012 31.8119 31.8119 1.79894e-08 
 1013 31.8277 31.8277 -1.84934e-08 
 1014 31.8434 31.8434 1.04438e-09 
 1015 31.8591 31.8591 1.70116e-08 
 1016 31.8748 31.8748 2.97725e-08 
 1017 31.8904 31.8904 -2.01198e-08 
 1018 31.9061 31.9061 -1.26562e-08 
 1019 31.9218 31.9218 -7.31612e-09 
 1020 31.9374 31.9374 -3.74173e-09 
 1021 31.9531 31.9531 -1.5768e-09 
 1022 31.9687 31.9687 -4.66686e-10 
 1023 31.9844 31.9844 -5.82716e-11 
 1024 32 32 0 
 1025 32.0156 32.0156 5.81438e-11 
 1026 32.0312 32.0312 4.6464e-10 
 1027 32.0468 32.0468 1.56644e-09 
 1028 32.0624 32.0624 3.70898e-09 
 1029 32.078 32.078 7.23618e-09 
 1030 32.0936 32.0936 1.24905e-08 
 1031 32.1092 32.1092 1.98127e-08 
 1032 32.1248 32.1248 2.95424e-08 
 1033 32.1403 32.1403 4.20175e-08 
 1034 32.1559 32.1559 5.75744e-08 
 1035 32.1714 32.1714 -4.2026e-08 
 1036 32.187 32.187 -1.92447e-08 
 1037 32.2025 32.2025 7.61897e-09 
 1038 32.218 32.218 3.88957e-08 
 1039 32.2335 32.2335 -4.34311e-08 
 1040 32.249 32.249 -2.28535e-09 
 1041 32.2645 32.2645 4.42566e-08 
 1042 32.28 32.28 -2.16555e-08 
 1043 32.2955 32.2955 3.67089e-08 
 1044 32.311 32.311 -1.66221e-08 
 1045 32.3265 32.3265 5.48527e-08 
 1046 32.3419 32.3419 1.53851e-08 
 1047 32.3574 32.3574 -1.66455e-08 
 1048 32.3728 32.3728 -4.09225e-08 
 1049 32.3883 32.3883 -5.71313e-08 
 1050 32.4037 32.4037 5.2766e-08 
 1051 32.4191 32.4191 5.35772e-08 
 1052 32.4345 32.4346 -5.42187e-08 
 1053 32.45 32.45 -3.50321e-08 
 1054 32.4654 32.4654 -6.22292e-09 
 1055 32.4808 32.4808 3.25157e-08 
 1056 32.4962 32.4962 -3.59e-08 
 1057 32.5115 32.5115 2.36681e-08 
 1058 32.5269 32.5269 -2.32001e-08 
 1059 32.5423 32.5423 5.84087e-08 
 1060 32.5576 32.5576 3.42935e-08 
 1061 32.573 32.573 2.20313e-08 
 1062 32.5883 32.5883 2.19196e-08 
 1063 32.6037 32.6037 3.42544e-08 
 1064 32.619 32.619 -5.76164e-08 
 1065 32.6343 32.6343 -1.94502e-08 
 1066 32.6497 32.6497 3.20433e-08 
 1067 32.665 32.665 -1.96274e-08 
 1068 32.6803 32.6803 -5.72806e-08 
 1069 32.6956 32.6956 3.60454e-08 
 1070 32.7109 32.7109 2.72366e-08 
 1071 32.7261 32.7261 3.33067e-08 
 1072 32.7414 32.7414 5.45405e-08 
 1073 32.7567 32.7567 -2.52344e-08 
 1074 32.7719 32.7719 2.72298e-08 
 1075 32.7872 32.7872 -2.06431e-08 
 1076 32.8024 32.8024 -5.2118e-08 
 1077 32.8177 32.8177 4.93226e-08 
 1078 32.8329 32.8329 5.14238e-08 
 1079 32.8481 32.8481 -4.53768e-08 
 1080 32.8634 32.8634 -8.48782e-09 
 1081 32.8786 32.8786 4.61791e-08 
 1082 32.8938 32.8938 2.92609e-09 
 1083 32.909 32.909 -2.18981e-08 
 1084 32.9242 32.9242 -2.80237e-08 
 1085 32.9393 32.9393 -1.51819e-08 
 1086 32.9545 32.9545 1.68949e-08 
 1087 32.9697 32.9697 -4.72301e-08 
 1088 32.9848 32.9848 2.4168e-08 
 1089 33 33 0 
 1090 33.0151 33.0151 -3.76807e-09 
 1091 33.0303 33.0303 1.31255e-08 
 1092 33.0454 33.0454 5.09412e-08 
 1093 33.0606 33.0606 -5.4465e-09 
 1094 33.0757 33.0757 -4.02887e-08 
 1095 33.0908 33.0908 -5.33283e-08 
 1096 33.1059 33.1059 -4.43094e-08 
 1097 33.121 33.121 -1.29771e-08 
 1098 33.1361 33.1361 4.09223e-08 
 1099 33.1512 33.1512 2.57184e-09 
 1100 33.1662 33.1662 -1.26025e-08 
 1101 33.1813 33.1813 -4.35051e-09 
 1102 33.1964 33.1964 2.75772e-08 
 1103 33.2114 33.2114 -3.14321e-08 
 1104 33.2265 33.2265 4.86426e-08 
 1105 33.2415 33.2415 3.83774e-08 
 1106 33.2566 33.2566 5.28781e-08 
 1107 33.2716 33.2716 -2.22647e-08 
 1108 33.2866 33.2866 4.255e-08 
 1109 33.3017 33.3017 1.83089e-08 
 1110 33.3167 33.3167 1.99059e-08 
 1111 33.3317 33.3317 4.75804e-08 
 1112 33.3467 33.3467 -1.28242e-08 
 1113 33.3617 33.3617 -4.65726e-08 
 1114 33.3766 33.3766 -5.34286e-08 
 1115 33.3916 33.3916 -3.31569e-08 
 1116 33.4066 33.4066 1.44768e-08 
 1117 33.4215 33.4216 -2.44332e-08 
 1118 33.4365 33.4365 -3.54137e-08 
 1119 33.4515 33.4515 -1.82336e-08 
 1120 33.4664 33.4664 2.73372e-08 
 1121 33.4813 33.4813 -1.24072e-08 
 1122 33.4963 33.4963 -2.32022e-08 
 1123 33.5112 33.5112 -4.82064e-09 
 1124 33.5261 33.5261 4.29634e-08 
 1125 33.541 33.541 6.6426e-09 
 1126 33.5559 33.5559 2.74496e-10 
 1127 33.5708 33.5708 2.4082e-08 
 1128 33.5857 33.5857 -3.52938e-08 
 1129 33.6006 33.6006 4.95803e-08 
 1130 33.6155 33.6155 5.18128e-08 
 1131 33.6303 33.6303 -2.82266e-08 
 1132 33.6452 33.6452 3.65908e-08 
 1133 33.6601 33.6601 1.96716e-08 
 1134 33.6749 33.6749 3.46621e-08 
 1135 33.6898 33.6898 -3.14527e-08 
 1136 33.7046 33.7046 4.80516e-08 
 1137 33.7194 33.7194 4.69777e-08 
 1138 33.7343 33.7343 -3.43129e-08 
 1139 33.7491 33.7491 3.06026e-08 
 1140 33.7639 33.7639 1.58223e-08 
 1141 33.7787 33.7787 3.46365e-08 
 1142 33.7935 33.7935 -2.5629e-08 
 1143 33.8083 33.8083 -5.17852e-08 
 1144 33.8231 33.8231 -4.36255e-08 
 1145 33.8378 33.8378 -9.44292e-10 
 1146 33.8526 33.8526 -3.62223e-08 
 1147 33.8674 33.8674 -3.64717e-08 
 1148 33.8821 33.8821 -1.4899e-09 
 1149 33.8969 33.8969 -4.36129e-08 
 1150 33.9116 33.9117 -5.00035e-08 
 1151 33.9264 33.9264 -2.04616e-08 
 1152 33.9411 33.9411 4.52122e-08 
 1153 33.9559 33.9559 3.48734e-08 
 1154 33.9706 33.9706 -5.11344e-08 
 1155 33.9853 33.9853 1.20225e-08 
 1156 34 34 0 
 1157 34.0147 34.0147 2.5287e-08 
 1158 34.0294 34.0294 -2.40227e-08 
 1159 34.0441 34.0441 -3.55391e-08 
 1160 34.0588 34.0588 -9.07016e-09 
 1161 34.0735 34.0734 5.55755e-08 
 1162 34.0881 34.0881 4.66814e-08 
 1163 34.1028 34.1028 -3.54183e-08 
 1164 34.1174 34.1174 3.32307e-08 
 1165 34.1321 34.1321 2.91467e-08 
 1166 34.1467 34.1467 -4.73394e-08 
 1167 34.1614 34.1614 2.74361e-08 
 1168 34.176 34.176 3.02767e-08 
 1169 34.1906 34.1906 -3.84898e-08 
 1170 34.2053 34.2053 4.45109e-08 
 1171 34.2199 34.2199 -5.51099e-08 
 1172 34.2345 34.2345 -2.59894e-09 
 1173 34.2491 34.2491 -2.06799e-08 
 1174 34.2637 34.2637 2.30366e-09 
 1175 34.2783 34.2783 -4.47551e-08 
 1176 34.2929 34.2929 -5.02966e-08 
 1177 34.3074 34.3074 -1.41431e-08 
 1178 34.322 34.322 -4.72619e-08 
 1179 34.3366 34.3366 -3.82382e-08 
 1180 34.3511 34.3511 1.31036e-08 
 1181 34.3657 34.3657 -4.06513e-09 
 1182 34.3802 34.3802 2.15266e-08 
 1183 34.3948 34.3948 -2.08576e-08 
 1184 34.4093 34.4093 -2.00423e-08 
 1185 34.4238 34.4238 2.41437e-08 
 1186 34.4384 34.4384 1.10211e-09 
 1187 34.4529 34.4529 2.18652e-08 
 1188 34.4674 34.4674 -2.40737e-08 
 1189 34.4819 34.4819 -2.57775e-08 
 1190 34.4964 34.4964 1.69213e-08 
 1191 34.5109 34.5109 -6.34684e-09 
 1192 34.5254 34.5254 1.52131e-08 
 1193 34.5398 34.5398 -2.86772e-08 
 1194 34.5543 34.5543 -2.73173e-08 
 1195 34.5688 34.5688 1.94564e-08 
 1196 34.5832 34.5832 1.50196e-09 
 1197 34.5977 34.5977 2.93787e-08 
 1198 34.6121 34.6121 -6.9648e-09 
 1199 34.6266 34.6266 2.93687e-09 
 1200 34.641 34.641 -5.08773e-08 
 1201 34.6554 34.6554 5.20394e-08 
 1202 34.6699 34.6699 -1.83795e-08 
 1203 34.6843 34.6843 -4.1735e-08 
 1204 34.6987 34.6987 -1.78702e-08 
 1205 34.7131 34.7131 5.33711e-08 
 1206 34.7275 34.7275 -4.75487e-08 
 1207 34.7419 34.7419 9.20151e-09 
 1208 34.7563 34.7563 4.12809e-09 
 1209 34.7707 34.7707 4.72308e-08 
 1210 34.7851 34.7851 2.89975e-08 
 1211 34.7994 34.7994 -5.02842e-08 
 1212 34.8138 34.8138 2.88214e-08 
 1213 34.8281 34.8281 4.72707e-08 
 1214 34.8425 34.8425 5.34906e-09 
 1215 34.8569 34.8568 1.27796e-08 
 1216 34.8712 34.8712 -3.96833e-08 
 1217 34.8855 34.8855 -4.24081e-08 
 1218 34.8999 34.8999 4.7521e-09 
 1219 34.9142 34.9142 -7.31574e-09 
 1220 34.9285 34.9285 3.08829e-08 
 1221 34.9428 34.9428 1.03231e-08 
 1222 34.9571 34.9571 4.04083e-08 
 1223 34.9714 34.9714 1.22015e-08 
 1224 34.9857 34.9857 3.50151e-08 
 1225 35 35 0 
 1226 35.0143 35.0143 1.63779e-08 
 1227 35.0286 35.0286 -2.46129e-08 
 1228 35.0428 35.0428 -1.3841e-08 
 1229 35.0571 35.0571 4.8833e-08 
 1230 35.0714 35.0714 -5.39914e-08 
 1231 35.0856 35.0856 4.26564e-09 
 1232 35.0999 35.0999 6.24636e-09 
 1233 35.1141 35.1141 -4.778e-08 
 1234 35.1283 35.1283 -4.89521e-08 
 1235 35.1426 35.1426 2.86555e-09 
 1236 35.1568 35.1568 -6.97385e-10 
 1237 35.171 35.171 4.90864e-08 
 1238 35.1852 35.1852 4.39328e-08 
 1239 35.1994 35.1994 -1.58937e-08 
 1240 35.2136 35.2136 -2.17998e-08 
 1241 35.2278 35.2278 2.63464e-08 
 1242 35.242 35.242 2.04328e-08 
 1243 35.2562 35.2562 -3.92794e-08 
 1244 35.2704 35.2704 -4.43741e-08 
 1245 35.2846 35.2846 5.27782e-09 
 1246 35.2987 35.2987 1.73581e-09 
 1247 35.3129 35.3129 5.32835e-08 
 1248 35.327 35.327 5.20659e-08 
 1249 35.3412 35.3412 -1.6606e-09 
 1250 35.3553 35.3553 2.55532e-10 
 1251 35.3695 35.3695 -4.99131e-08 
 1252 35.3836 35.3836 -4.41028e-08 
 1253 35.3977 35.3977 1.78106e-08 
 1254 35.4119 35.4119 2.82271e-08 
 1255 35.426 35.426 -1.26015e-08 
 1256 35.4401 35.4401 3.21374e-09 
 1257 35.4542 35.4542 -3.18005e-08 
 1258 35.4683 35.4683 -9.84228e-09 
 1259 35.4824 35.4824 -3.83007e-08 
 1260 35.4965 35.4965 -9.46083e-09 
 1261 35.5106 35.5106 -3.06275e-08 
 1262 35.5246 35.5246 5.82763e-09 
 1263 35.5387 35.5387 -7.31647e-09 
 1264 35.5528 35.5528 3.74821e-08 
 1265 35.5668 35.5668 3.30861e-08 
 1266 35.5809 35.5809 -2.02609e-08 
 1267 35.5949 35.5949 -1.51462e-08 
 1268 35.609 35.609 4.85454e-08 
 1269 35.623 35.623 -4.32417e-08 
 1270 35.6371 35.6371 3.09889e-08 
 1271 35.6511 35.6511 -4.97782e-08 
 1272 35.6651 35.6651 3.56988e-08 
 1273 35.6791 35.6791 -3.33438e-08 
 1274 35.6931 35.6931 -4.27928e-08 
 1275 35.7071 35.7071 7.46331e-09 
 1276 35.7211 35.7211 1.07443e-08 
 1277 35.7351 35.7351 -3.27141e-08 
 1278 35.7491 35.7491 -1.59693e-08 
 1279 35.7631 35.7631 -4.55779e-08 
 1280 35.7771 35.7771 -1.46822e-08 
 1281 35.7911 35.7911 -2.97566e-08 
 1282 35.805 35.805 1.5972e-08 
 1283 35.819 35.819 1.61114e-08 
 1284 35.8329 35.8329 -2.91075e-08 
 1285 35.8469 35.8469 -1.30381e-08 
 1286 35.8608 35.8608 -4.19501e-08 
 1287 35.8748 35.8748 -9.28094e-09 
 1288 35.8887 35.8887 -2.12188e-08 
 1289 35.9026 35.9026 2.87151e-08 
 1290 35.9166 35.9166 3.4414e-08 
 1291 35.9305 35.9305 -3.89592e-09 
 1292 35.9444 35.9444 2.01386e-08 
 1293 35.9583 35.9583 5.32462e-10 
 1294 35.9722 35.9722 4.35556e-08 
 1295 35.9861 35.9861 4.33038e-08 
 1296 36 36 0 
 1297 36.0139 36.0139 1.97893e-08 
 1298 36.0278 36.0278 -3.11129e-09 
 1299 36.0416 36.0416 3.73604e-08 
 1300 36.0555 36.0555 3.55017e-08 
 1301 36.0694 36.0694 -8.46777e-09 
 1302 36.0832 36.0832 1.13904e-08 
 1303 36.0971 36.0971 -1.05062e-08 
 1304 36.1109 36.1109 3.16983e-08 
 1305 36.1248 36.1248 3.25018e-08 
 1306 36.1386 36.1386 -7.87939e-09 
 1307 36.1525 36.1525 1.62874e-08 
 1308 36.1663 36.1663 -3.80419e-10 
 1309 36.1801 36.1801 4.77679e-08 
 1310 36.1939 36.1939 -4.99666e-08 
 1311 36.2077 36.2077 2.28174e-08 
 1312 36.2215 36.2215 -4.98557e-08 
 1313 36.2353 36.2353 4.81734e-08 
 1314 36.2491 36.2491 1.16874e-09 
 1315 36.2629 36.2629 1.98523e-08 
 1316 36.2767 36.2767 -8.4123e-10 
 1317 36.2905 36.2905 4.44131e-08 
 1318 36.3043 36.3043 5.06288e-08 
 1319 36.318 36.318 1.80142e-08 
 1320 36.3318 36.3318 5.1773e-08 
 1321 36.3456 36.3456 4.70366e-08 
 1322 36.3593 36.3593 4.01148e-09 
 1323 36.3731 36.3731 2.77804e-08 
 1324 36.3868 36.3868 1.35925e-08 
 1325 36.4005 36.4006 -3.83478e-08 
 1326 36.4143 36.4143 -2.30782e-08 
 1327 36.428 36.428 -4.52324e-08 
 1328 36.4417 36.4417 7.16857e-11 
 1329 36.4555 36.4555 8.27817e-09 
 1330 36.4692 36.4692 -2.04112e-08 
 1331 36.4829 36.4829 1.87658e-08 
 1332 36.4966 36.4966 2.13701e-08 
 1333 36.5103 36.5103 -1.23987e-08 
 1334 36.524 36.524 2.21027e-08 
 1335 36.5377 36.5377 2.05508e-08 
 1336 36.5513 36.5513 -1.6856e-08 
 1337 36.565 36.565 1.44062e-08 
 1338 36.5787 36.5787 1.013e-08 
 1339 36.5923 36.5924 -2.94881e-08 
 1340 36.606 36.606 -4.27653e-11 
 1341 36.6197 36.6197 -5.62598e-09 
 1342 36.6333 36.6333 -4.6043e-08 
 1343 36.647 36.647 -1.70065e-08 
 1344 36.6606 36.6606 -2.24936e-08 
 1345 36.6742 36.6742 4.17045e-08 
 1346 36.6879 36.6879 -3.22898e-08 
 1347 36.7015 36.7015 -3.62917e-08 
 1348 36.7151 36.7151 2.97743e-08 
 1349 36.7287 36.7287 -4.17392e-08 
 1350 36.7423 36.7423 -4.28807e-08 
 1351 36.756 36.756 2.64241e-08 
 1352 36.7696 36.7696 -4.12429e-08 
 1353 36.7831 36.7831 -3.81626e-08 
 1354 36.7967 36.7967 3.57382e-08 
 1355 36.8103 36.8103 -2.67302e-08 
 1356 36.8239 36.8239 -1.80801e-08 
 1357 36.8375 36.8375 -4.17945e-08 
 1358 36.8511 36.8511 5.82915e-09 
 1359 36.8646 36.8646 2.13834e-08 
 1360 36.8782 36.8782 5.0531e-09 
 1361 36.8917 36.8917 -4.29774e-08 
 1362 36.9053 36.9053 -1.91599e-08 
 1363 36.9188 36.9188 -2.67515e-08 
 1364 36.9324 36.9324 3.77192e-08 
 1365 36.9459 36.9459 -3.21809e-08 
 1366 36.9594 36.9594 -2.97305e-08 
 1367 36.973 36.973 4.51381e-08 
 1368 36.9865 36.9865 -1.37827e-08 
 1369 37 37 0 
 1370 37.0135 37.0135 -1.65094e-08 
 1371 37.027 37.027 3.98928e-08 
 1372 37.0405 37.0405 -3.67017e-08 
 1373 37.054 37.054 -4.01032e-08 
 1374 37.0675 37.0675 2.97535e-08 
 1375 37.081 37.081 -3.28164e-08 
 1376 37.0945 37.0945 -2.18496e-08 
 1377 37.108 37.108 -4.0082e-08 
 1378 37.1214 37.1214 1.54244e-08 
 1379 37.1349 37.1349 4.20074e-08 
 1380 37.1484 37.1483 3.98416e-08 
 1381 37.1618 37.1618 9.10096e-09 
 1382 37.1753 37.1753 -5.00411e-08 
 1383 37.1887 37.1887 -3.48347e-08 
 1384 37.2022 37.2022 -4.77585e-08 
 1385 37.2156 37.2156 1.38622e-08 
 1386 37.229 37.229 4.76224e-08 
 1387 37.2424 37.2425 -4.87358e-08 
 1388 37.2559 37.2559 3.22447e-08 
 1389 37.2693 37.2693 -1.65526e-08 
 1390 37.2827 37.2827 9.78889e-09 
 1391 37.2961 37.2961 9.04642e-09 
 1392 37.3095 37.3095 -1.86114e-08 
 1393 37.3229 37.3229 2.91914e-08 
 1394 37.3363 37.3363 5.03412e-08 
 1395 37.3497 37.3497 4.50052e-08 
 1396 37.3631 37.3631 1.335e-08 
 1397 37.3765 37.3765 -4.44582e-08 
 1398 37.3898 37.3898 -2.62286e-08 
 1399 37.4032 37.4032 -3.38941e-08 
 1400 37.4166 37.4166 3.46621e-08 
 1401 37.4299 37.4299 -2.4336e-08 
 1402 37.4433 37.4433 -6.85707e-09 
 1403 37.4566 37.4566 -1.46896e-08 
 1404 37.47 37.47 -4.76707e-08 
 1405 37.4833 37.4833 -3.8675e-09 
 1406 37.4967 37.4967 1.50391e-08 
 1407 37.51 37.51 9.21058e-09 
 1408 37.5233 37.5233 -2.11919e-08 
 1409 37.5366 37.5366 2.56181e-08 
 1410 37.55 37.55 4.81026e-08 
 1411 37.5633 37.5633 4.64215e-08 
 1412 37.5766 37.5766 2.07339e-08 
 1413 37.5899 37.5899 -2.88013e-08 
 1414 37.6032 37.6032 -5.799e-10 
 1415 37.6165 37.6165 4.03825e-09 
 1416 37.6298 37.6298 -1.47894e-08 
 1417 37.6431 37.6431 4.44327e-08 
 1418 37.6563 37.6563 -2.0852e-08 
 1419 37.6696 37.6696 -7.84569e-09 
 1420 37.6829 37.6829 -1.77315e-08 
 1421 37.6962 37.6962 -5.03541e-08 
 1422 37.7094 37.7094 -4.39841e-09 
 1423 37.7227 37.7227 1.90583e-08 
 1424 37.7359 37.7359 2.01701e-08 
 1425 37.7492 37.7492 -9.09679e-10 
 1426 37.7624 37.7624 -4.40279e-08 
 1427 37.7757 37.7757 -8.04918e-09 
 1428 37.7889 37.7889 6.12499e-09 
 1429 37.8021 37.8021 -1.35366e-09 
 1430 37.8153 37.8153 -3.03338e-08 
 1431 37.8286 37.8286 2.0177e-08 
 1432 37.8418 37.8418 4.94171e-08 
 1433 37.855 37.855 -4.32347e-08 
 1434 37.8682 37.8682 4.46851e-08 
 1435 37.8814 37.8814 1.10116e-08 
 1436 37.8946 37.8946 -4.3335e-08 
 1437 37.9078 37.9078 -1.75756e-08 
 1438 37.921 37.921 -1.22632e-08 
 1439 37.9342 37.9342 -2.72503e-08 
 1440 37.9473 37.9473 3.81362e-08 
 1441 37.9605 37.9605 -1.70441e-08 
 1442 37.9737 37.9737 8.37225e-09 
 1443 37.9868 37.9868 1.40052e-08 
 1444 38 38 0 
 1445 38.0132 38.0132 -3.34982e-08 
 1446 38.0263 38.0263 1.39724e-08 
 1447 38.0395 38.0395 4.21694e-08 
 1448 38.0526 38.0526 -4.90116e-08 
 1449 38.0657 38.0657 4.13171e-08 
 1450 38.0789 38.0789 1.25542e-08 
 1451 38.092 38.092 -3.49096e-08 
 1452 38.1051 38.1051 -8.22364e-10 
 1453 38.1182 38.1182 1.47789e-08 
 1454 38.1314 38.1314 1.20354e-08 
 1455 38.1445 38.1445 -8.91159e-09 
 1456 38.1576 38.1576 -4.79217e-08 
 1457 38.1707 38.1707 -4.91685e-09 
 1458 38.1838 38.1838 2.02363e-08 
 1459 38.1969 38.1969 2.7677e-08 
 1460 38.2099 38.2099 1.75445e-08 
 1461 38.223 38.223 -1.00227e-08 
 1462 38.2361 38.2361 4.48804e-08 
 1463 38.2492 38.2492 -1.71762e-08 
 1464 38.2623 38.2623 3.44467e-09 
 1465 38.2753 38.2753 7.11313e-09 
 1466 38.2884 38.2884 -6.03411e-09 
 1467 38.3014 38.3014 -3.58608e-08 
 1468 38.3145 38.3145 1.73318e-08 
 1469 38.3275 38.3275 -4.54803e-08 
 1470 38.3406 38.3406 -2.50703e-08 
 1471 38.3536 38.3536 -2.08662e-08 
 1472 38.3667 38.3667 -3.27337e-08 
 1473 38.3797 38.3797 3.88551e-08 
 1474 38.3927 38.3927 -4.78742e-09 
 1475 38.4057 38.4057 3.52257e-08 
 1476 38.4187 38.4187 -3.96589e-08 
 1477 38.4318 38.4318 -3.06898e-08 
 1478 38.4448 38.4448 -3.70612e-08 
 1479 38.4578 38.4578 4.05506e-08 
 1480 38.4708 38.4708 3.85979e-09 
 1481 38.4838 38.4838 -4.77773e-08 
 1482 38.4968 38.4968 -1.51386e-08 
 1483 38.5097 38.5097 2.74788e-09 
 1484 38.5227 38.5227 6.0121e-09 
 1485 38.5357 38.5357 -5.21637e-09 
 1486 38.5487 38.5487 -3.08083e-08 
 1487 38.5616 38.5616 2.82898e-08 
 1488 38.5746 38.5746 -2.56763e-08 
 1489 38.5876 38.5876 5.23781e-09 
 1490 38.6005 38.6005 2.22352e-08 
 1491 38.6135 38.6135 2.54432e-08 
 1492 38.6264 38.6264 1.4989e-08 
 1493 38.6394 38.6394 -9.00078e-09 
 1494 38.6523 38.6523 -4.63998e-08 
 1495 38.6652 38.6652 1.57762e-09 
 1496 38.6782 38.6782 3.63314e-08 
 1497 38.6911 38.6911 -4.06069e-08 
 1498 38.704 38.704 -3.18918e-08 
 1499 38.7169 38.7169 -3.60255e-08 
 1500 38.7298 38.7298 4.56113e-08 
 1501 38.7427 38.7427 1.61196e-08 
 1502 38.7556 38.7556 -2.58492e-08 
 1503 38.7685 38.7685 1.82249e-08 
 1504 38.7814 38.7814 -4.83616e-08 
 1505 38.7943 38.7943 -2.87254e-08 
 1506 38.8072 38.8072 -2.1141e-08 
 1507 38.8201 38.8201 -2.54865e-08 
 1508 38.833 38.833 -4.16406e-08 
 1509 38.8458 38.8458 2.8719e-08 
 1510 38.8587 38.8587 -1.07214e-08 
 1511 38.8716 38.8716 3.65281e-08 
 1512 38.8844 38.8844 -2.57168e-08 
 1513 38.8973 38.8973 -1.09677e-09 
 1514 38.9102 38.9102 1.23717e-08 
 1515 38.923 38.923 1.48078e-08 
 1516 38.9358 38.9358 6.33033e-09 
 1517 38.9487 38.9487 -1.29422e-08 
 1518 38.9615 38.9615 -4.28917e-08 
 1519 38.9744 38.9743 1.44768e-08 
 1520 38.9872 38.9872 -3.65057e-08 
 1521 39 39 0 
 1522 39.0128 39.0128 2.62337e-08 
 1523 39.0256 39.0256 4.23119e-08 
 1524 39.0384 39.0384 4.83508e-08 
 1525 39.0512 39.0512 4.44664e-08 
 1526 39.064 39.064 3.07741e-08 
 1527 39.0768 39.0768 7.38913e-09 
 1528 39.0896 39.0896 -2.55735e-08 
 1529 39.1024 39.1024 2.95571e-08 
 1530 39.1152 39.1152 -2.22496e-08 
 1531 39.128 39.128 1.42014e-08 
 1532 39.1408 39.1408 4.14674e-08 
 1533 39.1535 39.1535 -3.77676e-08 
 1534 39.1663 39.1663 -2.85004e-08 
 1535 39.1791 39.1791 -2.80792e-08 
 1536 39.1918 39.1918 -3.63918e-08 
 1537 39.2046 39.2046 4.39764e-08 
 1538 39.2173 39.2173 1.85006e-08 
 1539 39.2301 39.2301 -1.53735e-08 
 1540 39.2428 39.2428 3.96724e-08 
 1541 39.2556 39.2556 -1.06972e-08 
 1542 39.2683 39.2683 2.80115e-08 
 1543 39.281 39.281 -3.84116e-08 
 1544 39.2938 39.2938 -1.55992e-08 
 1545 39.3065 39.3065 -5.86221e-10 
 1546 39.3192 39.3192 6.73671e-09 
 1547 39.3319 39.3319 6.47858e-09 
 1548 39.3446 39.3446 -1.25192e-09 
 1549 39.3573 39.3573 -1.63464e-08 
 1550 39.37 39.37 -3.86968e-08 
 1551 39.3827 39.3827 2.86668e-08 
 1552 39.3954 39.3954 -7.90372e-09 
 1553 39.4081 39.4081 4.53921e-08 
 1554 39.4208 39.4208 -4.96975e-09 
 1555 39.4335 39.4335 3.46859e-08 
 1556 39.4462 39.4462 -2.9041e-08 
 1557 39.4588 39.4588 -2.60033e-09 
 1558 39.4715 39.4715 1.7376e-08 
 1559 39.4842 39.4842 3.09935e-08 
 1560 39.4968 39.4968 3.83573e-08 
 1561 39.5095 39.5095 3.95723e-08 
 1562 39.5221 39.5221 3.47429e-08 
 1563 39.5348 39.5348 2.39734e-08 
 1564 39.5474 39.5474 7.36774e-09 
 1565 39.5601 39.5601 -1.49704e-08 
 1566 39.5727 39.5727 -4.29376e-08 
 1567 39.5854 39.5854 1.99356e-08 
 1568 39.598 39.598 -1.90116e-08 
 1569 39.6106 39.6106 3.30254e-08 
 1570 39.6232 39.6232 -1.64917e-08 
 1571 39.6358 39.6358 2.51183e-08 
 1572 39.6485 39.6485 -3.45609e-08 
 1573 39.6611 39.6611 -2.97131e-09 
 1574 39.6737 39.6737 2.37447e-08 
 1575 39.6863 39.6863 4.5688e-08 
 1576 39.6989 39.6989 -3.31318e-08 
 1577 39.7115 39.7115 -2.04021e-08 
 1578 39.724 39.724 -1.21443e-08 
 1579 39.7366 39.7366 -8.25863e-09 
 1580 39.7492 39.7492 -8.6457e-09 
 1581 39.7618 39.7618 -1.32063e-08 
 1582 39.7744 39.7744 -2.18415e-08 
 1583 39.7869 39.7869 -3.44528e-08 
 1584 39.7995 39.7995 4.49062e-08 
 1585 39.8121 39.8121 2.46074e-08 
 1586 39.8246 39.8246 6.26852e-10 
 1587 39.8372 39.8372 -2.6938e-08 
 1588 39.8497 39.8497 3.77373e-08 
 1589 39.8623 39.8623 3.26523e-09 
 1590 39.8748 39.8748 -3.45001e-08 
 1591 39.8873 39.8873 2.01744e-08 
 1592 39.8999 39.8999 -2.39186e-08 
 1593 39.9124 39.9124 2.45603e-08 
 1594 39.9249 39.9249 -2.54767e-08 
 1595 39.9375 39.9375 1.71893e-08 
 1596 39.95 39.95 -3.84102e-08 
 1597 39.9625 39.9625 -1.17651e-09 
 1598 39.975 39.975 3.34681e-08 
 1599 39.9875 39.9875 -2.97792e-08 
 1600 40 40 0 
 1601 40.0125 40.0125 2.74725e-08 
 1602 40.025 40.025 -4.2576e-08 
 1603 40.0375 40.0375 -1.94067e-08 
 1604 40.05 40.05 1.73581e-09 
 1605 40.0625 40.0625 2.09444e-08 
 1606 40.0749 40.0749 3.83116e-08 
 1607 40.0874 40.0874 -4.12297e-08 
 1608 40.0999 40.0999 -2.7239e-08 
 1609 40.1123 40.1123 -1.48136e-08 
 1610 40.1248 40.1248 -3.86199e-09 
 1611 40.1373 40.1373 5.70716e-09 
 1612 40.1497 40.1497 1.39849e-08 
 1613 40.1622 40.1622 2.10619e-08 
 1614 40.1746 40.1746 2.70287e-08 
 1615 40.1871 40.1871 3.19756e-08 
 1616 40.1995 40.1995 3.59926e-08 
 1617 40.2119 40.2119 3.91695e-08 
 1618 40.2244 40.2244 4.15958e-08 
 1619 40.2368 40.2368 4.33608e-08 
 1620 40.2492 40.2492 4.45534e-08 
 1621 40.2616 40.2616 4.52624e-08 
 1622 40.2741 40.2741 4.55765e-08 
 1623 40.2865 40.2865 4.55838e-08 
 1624 40.2989 40.2989 4.53724e-08 
 1625 40.3113 40.3113 4.50301e-08 
 1626 40.3237 40.3237 4.46445e-08 
 1627 40.3361 40.3361 4.43029e-08 
 1628 40.3485 40.3485 4.40922e-08 
 1629 40.3609 40.3609 4.40995e-08 
 1630 40.3733 40.3733 4.44112e-08 
 1631 40.3856 40.3856 4.51136e-08 
 1632 40.398 40.398 4.62931e-08 
 1633 40.4104 40.4104 -4.63637e-08 
 1634 40.4228 40.4228 -4.39442e-08 
 1635 40.4351 40.4351 -4.07909e-08 
 1636 40.4475 40.4475 -3.68186e-08 
 1637 40.4599 40.4599 -3.19424e-08 
 1638 40.4722 40.4722 -2.60777e-08 
 1639 40.4846 40.4846 -1.91399e-08 
 1640 40.4969 40.4969 -1.10448e-08 
 1641 40.5093 40.5093 -1.70839e-09 
 1642 40.5216 40.5216 8.95304e-09 
 1643 40.5339 40.5339 2.10231e-08 
 1644 40.5463 40.5463 3.4585e-08 
 1645 40.5586 40.5586 -4.43321e-08 
 1646 40.5709 40.5709 -2.75088e-08 
 1647 40.5832 40.5832 -8.94511e-09 
 1648 40.5956 40.5956 1.14414e-08 
 1649 40.6079 40.6079 3.37329e-08 
 1650 40.6202 40.6202 -3.59e-08 
 1651 40.6325 40.6325 -9.5245e-09 
 1652 40.6448 40.6448 1.90011e-08 
 1653 40.6571 40.6571 -4.4068e-08 
 1654 40.6694 40.6694 -1.09701e-08 
 1655 40.6817 40.6817 2.45209e-08 
 1656 40.694 40.694 -3.12553e-08 
 1657 40.7063 40.7063 9.29207e-09 
 1658 40.7185 40.7185 -4.12107e-08 
 1659 40.7308 40.7308 4.71355e-09 
 1660 40.7431 40.7431 -4.01962e-08 
 1661 40.7554 40.7554 1.14237e-08 
 1662 40.7676 40.7676 -2.75753e-08 
 1663 40.7799 40.7799 3.00574e-08 
 1664 40.7922 40.7922 -2.71474e-09 
 1665 40.8044 40.8044 -3.22414e-08 
 1666 40.8167 40.8167 3.50151e-08 
 1667 40.8289 40.8289 1.21862e-08 
 1668 40.8412 40.8412 -7.16275e-09 
 1669 40.8534 40.8534 -2.29541e-08 
 1670 40.8656 40.8656 -3.51104e-08 
 1671 40.8779 40.8779 -4.35542e-08 
 1672 40.8901 40.8901 4.50828e-08 
 1673 40.9023 40.9023 4.42669e-08 
 1674 40.9145 40.9145 -4.58418e-08 
 1675 40.9268 40.9268 -3.86674e-08 
 1676 40.939 40.939 -2.73974e-08 
 1677 40.9512 40.9512 -1.19557e-08 
 1678 40.9634 40.9634 7.73353e-09 
 1679 40.9756 40.9756 3.17459e-08 
 1680 40.9878 40.9878 -3.29123e-08 
 1681 41 41 0 
 1682 41.0122 41.0122 3.7461e-08 
 1683 41.0244 41.0244 -1.34405e-08 
 1684 41.0366 41.0366 3.33697e-08 
 1685 41.0488 41.0488 -7.97849e-09 
 1686 41.0609 41.0609 -4.44249e-08 
 1687 41.0731 41.0731 1.69801e-08 
 1688 41.0853 41.0853 -9.46871e-09 
 1689 41.0974 41.0974 -3.07946e-08 
 1690 41.1096 41.1096 4.5869e-08 
 1691 41.1218 41.1218 3.49812e-08 
 1692 41.1339 41.1339 2.94357e-08 
 1693 41.1461 41.1461 2.93052e-08 
 1694 41.1582 41.1582 3.46621e-08 
 1695 41.1704 41.1704 4.5579e-08 
 1696 41.1825 41.1825 -3.05013e-08 
 1697 41.1947 41.1947 -8.22135e-09 
 1698 41.2068 41.2068 1.98342e-08 
 1699 41.2189 41.2189 -3.88104e-08 
 1700 41.2311 41.2311 1.038e-09 
 1701 41.2432 41.2432 -4.56168e-08 
 1702 41.2553 41.2553 6.30885e-09 
 1703 41.2674 41.2674 -2.80726e-08 
 1704 41.2795 41.2795 3.62133e-08 
 1705 41.2916 41.2916 1.43873e-08 
 1706 41.3038 41.3038 -1.04211e-09 
 1707 41.3159 41.3159 -1.0005e-08 
 1708 41.328 41.328 -1.24317e-08 
 1709 41.3401 41.3401 -8.25255e-09 
 1710 41.3521 41.3521 2.60178e-09 
 1711 41.3642 41.3642 2.02005e-08 
 1712 41.3763 41.3763 4.46125e-08 
 1713 41.3884 41.3884 -1.62616e-08 
 1714 41.4005 41.4005 2.20102e-08 
 1715 41.4126 41.4126 -2.48132e-08 
 1716 41.4246 41.4246 2.7592e-08 
 1717 41.4367 41.4367 -4.90804e-09 
 1718 41.4488 41.4488 -3.01312e-08 
 1719 41.4608 41.4608 4.39975e-08 
 1720 41.4729 41.4729 3.35042e-08 
 1721 41.4849 41.4849 3.04902e-08 
 1722 41.497 41.497 3.50226e-08 
 1723 41.509 41.509 -4.47321e-08 
 1724 41.5211 41.5211 -2.48798e-08 
 1725 41.5331 41.5331 2.71904e-09 
 1726 41.5452 41.5452 3.81308e-08 
 1727 41.5572 41.5572 -1.03724e-08 
 1728 41.5692 41.5692 4.08901e-08 
 1729 41.5812 41.5812 8.42255e-09 
 1730 41.5933 41.5933 -1.59154e-08 
 1731 41.6053 41.6053 -3.20584e-08 
 1732 41.6173 41.6173 -3.99412e-08 
 1733 41.6293 41.6293 -3.94988e-08 
 1734 41.6413 41.6413 -3.06662e-08 
 1735 41.6533 41.6533 -1.33789e-08 
 1736 41.6653 41.6653 1.24278e-08 
 1737 41.6773 41.6773 -4.47111e-08 
 1738 41.6893 41.6893 -1.64643e-09 
 1739 41.7013 41.7013 -4.13466e-08 
 1740 41.7133 41.7133 1.92319e-08 
 1741 41.7253 41.7253 -2.77435e-09 
 1742 41.7373 41.7373 -1.58253e-08 
 1743 41.7493 41.7493 -1.98576e-08 
 1744 41.7612 41.7612 -1.48082e-08 
 1745 41.7732 41.7732 -6.14304e-10 
 1746 41.7852 41.7852 2.2787e-08 
 1747 41.7971 41.7971 -3.58088e-08 
 1748 41.8091 41.8091 6.22088e-09 
 1749 41.821 41.821 -3.35697e-08 
 1750 41.833 41.833 2.73372e-08 
 1751 41.845 41.845 6.6e-09 
 1752 41.8569 41.8569 -4.50492e-09 
 1753 41.8688 41.8688 -5.91601e-09 
 1754 41.8808 41.8808 2.42806e-09 
 1755 41.8927 41.8927 2.05885e-08 
 1756 41.9047 41.9047 -4.24065e-08 
 1757 41.9166 41.9166 -4.40454e-09 
 1758 41.9285 41.9285 4.35963e-08 
 1759 41.9404 41.9404 1.07015e-08 
 1760 41.9524 41.9524 -1.20219e-08 
 1761 41.9643 41.9643 -2.45136e-08 
 1762 41.9762 41.9762 -2.67137e-08 
 1763 41.9881 41.9881 -1.85624e-08 
 1764 42 42 0 
 1765 42.0119 42.0119 2.9033e-08 
 1766 42.0238 42.0238 -2.21788e-08 
 1767 42.0357 42.0357 2.7999e-08 
 1768 42.0476 42.0476 -1.89853e-09 
 1769 42.0595 42.0595 -2.10377e-08 
 1770 42.0714 42.0714 -2.936e-08 
 1771 42.0833 42.0833 -2.68069e-08 
 1772 42.0951 42.0951 -1.33201e-08 
 1773 42.107 42.107 1.11586e-08 
 1774 42.1189 42.1189 -4.38825e-08 
 1775 42.1307 42.1307 2.7795e-09 
 1776 42.1426 42.1426 -2.99118e-08 
 1777 42.1545 42.1545 3.91642e-08 
 1778 42.1663 42.1663 2.90527e-08 
 1779 42.1782 42.1782 3.03298e-08 
 1780 42.19 42.19 4.30524e-08 
 1781 42.2019 42.2019 -2.31142e-08 
 1782 42.2137 42.2137 1.26954e-08 
 1783 42.2256 42.2256 -3.02202e-08 
 1784 42.2374 42.2374 2.89026e-08 
 1785 42.2493 42.2493 9.46347e-09 
 1786 42.2611 42.2611 1.85945e-09 
 1787 42.2729 42.2729 6.14643e-09 
 1788 42.2847 42.2847 2.23802e-08 
 1789 42.2966 42.2966 -3.9573e-08 
 1790 42.3084 42.3084 7.46127e-10 
 1791 42.3202 42.3202 -3.69605e-08 
 1792 42.332 42.332 2.76652e-08 
 1793 42.3438 42.3438 1.44257e-08 
 1794 42.3556 42.3556 1.35145e-08 
 1795 42.3674 42.3674 2.49864e-08 
 1796 42.3792 42.3792 -4.11174e-08 
 1797 42.391 42.391 -4.69088e-09 
 1798 42.4028 42.4028 4.42818e-08 
 1799 42.4146 42.4146 1.59166e-08 
 1800 42.4264 42.4264 2.55532e-10 
 1801 42.4382 42.4382 -2.6476e-09 
 1802 42.45 42.45 7.2608e-09 
 1803 42.4617 42.4617 3.00342e-08 
 1804 42.4735 42.4735 -2.40877e-08 
 1805 42.4853 42.4853 2.46003e-08 
 1806 42.4971 42.4971 -3.45098e-09 
 1807 42.5088 42.5088 -1.83753e-08 
 1808 42.5206 42.5206 -2.01198e-08 
 1809 42.5323 42.5323 -8.63213e-09 
 1810 42.5441 42.5441 1.61402e-08 
 1811 42.5558 42.5558 -3.53903e-08 
 1812 42.5676 42.5676 1.61328e-08 
 1813 42.5793 42.5793 -8.49339e-09 
 1814 42.5911 42.5911 -1.95773e-08 
 1815 42.6028 42.6028 -1.70674e-08 
 1816 42.6146 42.6146 -9.11999e-10 
 1817 42.6263 42.6263 2.89402e-08 
 1818 42.638 42.638 -1.69266e-08 
 1819 42.6497 42.6497 4.04974e-08 
 1820 42.6615 42.6615 2.23536e-08 
 1821 42.6732 42.6732 1.81598e-08 
 1822 42.6849 42.6849 2.79667e-08 
 1823 42.6966 42.6966 -3.75195e-08 
 1824 42.7083 42.7083 4.6464e-10 
 1825 42.72 42.72 -3.66948e-08 
 1826 42.7317 42.7317 2.96674e-08 
 1827 42.7434 42.7434 2.1035e-08 
 1828 42.7551 42.7551 2.67531e-08 
 1829 42.7668 42.7668 -4.23264e-08 
 1830 42.7785 42.7785 -7.73418e-09 
 1831 42.7902 42.7902 4.1357e-08 
 1832 42.8019 42.8019 1.58718e-08 
 1833 42.8135 42.8135 5.03269e-09 
 1834 42.8252 42.8252 8.88844e-09 
 1835 42.8369 42.8369 2.74879e-08 
 1836 42.8486 42.8486 -2.81477e-08 
 1837 42.8602 42.8602 2.01094e-08 
 1838 42.8719 42.8719 -5.72329e-09 
 1839 42.8836 42.8836 -1.65699e-08 
 1840 42.8952 42.8952 -1.23825e-08 
 1841 42.9069 42.9069 6.88697e-09 
 1842 42.9185 42.9185 4.12863e-08 
 1843 42.9302 42.9302 2.00515e-09 
 1844 42.9418 42.9418 -2.20027e-08 
 1845 42.9535 42.9535 -3.06897e-08 
 1846 42.9651 42.9651 -2.40086e-08 
 1847 42.9767 42.9767 -1.91233e-09 
 1848 42.9884 42.9884 3.56462e-08 
 1849 43 43 0 
 1850 43.0116 43.0116 -2.00423e-08 
 1851 43.0232 43.0233 -2.44341e-08 
 1852 43.0349 43.0349 -1.3129e-08 
 1853 43.0465 43.0465 1.39194e-08 
 1854 43.0581 43.0581 -3.18368e-08 
 1855 43.0697 43.0697 2.68607e-08 
 1856 43.0813 43.0813 1.28934e-08 
 1857 43.0929 43.0929 1.49012e-08 
 1858 43.1045 43.1045 3.29299e-08 
 1859 43.1161 43.1161 -2.145e-08 
 1860 43.1277 43.1277 2.87806e-08 
 1861 43.1393 43.1393 6.74101e-09 
 1862 43.1509 43.1509 9.51232e-10 
 1863 43.1625 43.1625 1.14563e-08 
 1864 43.1741 43.1741 3.83011e-08 
 1865 43.1856 43.1856 -6.80204e-09 
 1866 43.1972 43.1972 -3.54287e-08 
 1867 43.2088 43.2088 4.0751e-08 
 1868 43.2204 43.2204 -4.30744e-08 
 1869 43.2319 43.2319 -2.20049e-08 
 1870 43.2435 43.2435 1.57184e-08 
 1871 43.2551 43.2551 -1.80513e-08 
 1872 43.2666 43.2666 -3.50321e-08 
 1873 43.2782 43.2782 -3.51804e-08 
 1874 43.2897 43.2897 -1.84524e-08 
 1875 43.3013 43.3013 1.51952e-08 
 1876 43.3128 43.3128 -2.22673e-08 
 1877 43.3244 43.3244 -4.26765e-08 
 1878 43.3359 43.3359 4.2037e-08 
 1879 43.3474 43.3474 -3.21627e-08 
 1880 43.359 43.359 -1.15397e-09 
 1881 43.3705 43.3705 -4.08763e-08 
 1882 43.382 43.382 2.46485e-08 
 1883 43.3935 43.3935 1.95741e-08 
 1884 43.4051 43.4051 3.18989e-08 
 1885 43.4166 43.4166 -2.61975e-08 
 1886 43.4281 43.4281 2.10757e-08 
 1887 43.4396 43.4396 -1.9415e-09 
 1888 43.4511 43.4511 -7.34468e-09 
 1889 43.4626 43.4626 4.90796e-09 
 1890 43.4741 43.4741 3.48581e-08 
 1891 43.4856 43.4856 -5.17602e-09 
 1892 43.4971 43.4971 -2.73833e-08 
 1893 43.5086 43.5086 -3.17226e-08 
 1894 43.5201 43.5201 -1.81527e-08 
 1895 43.5316 43.5316 1.33675e-08 
 1896 43.5431 43.5431 -2.47287e-08 
 1897 43.5546 43.5546 4.28376e-08 
 1898 43.566 43.566 4.09154e-08 
 1899 43.5775 43.5775 -3.03857e-08 
 1900 43.589 43.589 4.07429e-09 
 1901 43.6005 43.6005 -3.07177e-08 
 1902 43.6119 43.6119 4.02858e-08 
 1903 43.6234 43.6234 4.21636e-08 
 1904 43.6348 43.6348 -2.49754e-08 
 1905 43.6463 43.6463 1.37781e-08 
 1906 43.6578 43.6578 -1.63598e-08 
 1907 43.6692 43.6692 -2.79261e-08 
 1908 43.6807 43.6807 -2.08815e-08 
 1909 43.6921 43.6921 4.81339e-09 
 1910 43.7035 43.7035 -3.80878e-08 
 1911 43.715 43.715 2.50484e-08 
 1912 43.7264 43.7264 1.97123e-08 
 1913 43.7379 43.7379 3.32287e-08 
 1914 43.7493 43.7493 -2.15582e-08 
 1915 43.7607 43.7607 2.98021e-08 
 1916 43.7721 43.7721 1.29819e-08 
 1917 43.7836 43.7836 1.52142e-08 
 1918 43.795 43.795 3.65374e-08 
 1919 43.8064 43.8064 -1.00912e-08 
 1920 43.8178 43.8178 -3.75072e-08 
 1921 43.8292 43.8292 4.13629e-08 
 1922 43.8406 43.8406 -3.45496e-08 
 1923 43.852 43.852 -4.10033e-09 
 1924 43.8634 43.8634 -4.12547e-08 
 1925 43.8748 43.8748 2.79826e-08 
 1926 43.8862 43.8862 2.97365e-08 
 1927 43.8976 43.8976 -3.5888e-08 
 1928 43.909 43.909 4.96866e-09 
 1929 43.9204 43.9204 -2.14336e-08 
 1930 43.9318 43.9318 -2.8158e-08 
 1931 43.9431 43.9431 -1.51676e-08 
 1932 43.9545 43.9545 1.75744e-08 
 1933 43.9659 43.9659 -1.66603e-08 
 1934 43.9773 43.9773 -3.10252e-08 
 1935 43.9886 43.9886 -2.54839e-08 
 1936 44 44 0 
 1937 44.0114 44.0114 -4.12126e-08 
 1938 44.0227 44.0227 2.42874e-08 
 1939 44.0341 44.0341 2.32078e-08 
 1940 44.0454 44.0454 4.22599e-08 
 1941 44.0568 44.0568 -5.10653e-09 
 1942 44.0681 44.0681 -3.22252e-08 
 1943 44.0795 44.0795 -3.90604e-08 
 1944 44.0908 44.0908 -2.55769e-08 
 1945 44.1022 44.1022 8.26091e-09 
 1946 44.1135 44.1135 -2.39864e-08 
 1947 44.1248 44.1248 -3.57646e-08 
 1948 44.1362 44.1362 -2.70385e-08 
 1949 44.1475 44.1475 2.22667e-09 
 1950 44.1588 44.1588 -3.432e-08 
 1951 44.1701 44.1701 3.61502e-08 
 1952 44.1814 44.1814 4.09223e-08 
 1953 44.1928 44.1928 -1.99028e-08 
 1954 44.2041 44.2041 2.63704e-08 
 1955 44.2154 44.2154 7.15936e-09 
 1956 44.2267 44.2267 8.8178e-09 
 1957 44.238 44.238 3.13798e-08 
 1958 44.2493 44.2493 -1.13297e-08 
 1959 44.2606 44.2606 -3.30236e-08 
 1960 44.2719 44.2719 -3.36682e-08 
 1961 44.2832 44.2832 -1.32296e-08 
 1962 44.2945 44.2945 2.83258e-08 
 1963 44.3058 44.3058 4.93202e-09 
 1964 44.317 44.317 2.76586e-09 
 1965 44.3283 44.3283 2.18606e-08 
 1966 44.3396 44.3396 -2.37843e-08 
 1967 44.3509 44.3509 3.79537e-08 
 1968 44.3621 44.3621 3.50619e-08 
 1969 44.3734 44.3734 -3.2361e-08 
 1970 44.3847 44.3847 7.67571e-09 
 1971 44.3959 44.3959 -1.67096e-08 
 1972 44.4072 44.4072 -1.95163e-08 
 1973 44.4185 44.4185 -7.11842e-10 
 1974 44.4297 44.4297 3.97362e-08 
 1975 44.441 44.441 1.60227e-08 
 1976 44.4522 44.4522 1.40609e-08 
 1977 44.4635 44.4635 3.38827e-08 
 1978 44.4747 44.4747 -1.02519e-08 
 1979 44.486 44.486 -3.24956e-08 
 1980 44.4972 44.4972 -3.28164e-08 
 1981 44.5084 44.5084 -1.11827e-08 
 1982 44.5197 44.5197 3.24372e-08 
 1983 44.5309 44.5309 1.24108e-08 
 1984 44.5421 44.5421 1.44768e-08 
 1985 44.5533 44.5533 3.86665e-08 
 1986 44.5646 44.5646 -5.88114e-10 
 1987 44.5758 44.5758 -1.76135e-08 
 1988 44.587 44.587 -1.23786e-08 
 1989 44.5982 44.5982 1.51475e-08 
 1990 44.6094 44.6094 -2.05176e-08 
 1991 44.6206 44.6206 -3.37868e-08 
 1992 44.6318 44.6318 -2.46296e-08 
 1993 44.643 44.643 6.98479e-09 
 1994 44.6542 44.6542 -2.43407e-08 
 1995 44.6654 44.6654 -3.31055e-08 
 1996 44.6766 44.6766 -1.92791e-08 
 1997 44.6878 44.6878 1.71686e-08 
 1998 44.699 44.699 -9.07419e-09 
 1999 44.7102 44.7102 -1.25928e-08 
