#  N   Sum Up  Sum Down Difference 
#----------------------------------
   1  1  1  0
   2  1.5  1.5  0
   3  1.83333337307  1.83333337307  0
   4  2.08333349228  2.08333325386  1.14440908305e-07
   5  2.28333353996  2.28333330154  1.04416898239e-07
   6  2.4500002861  2.45000004768  9.73136948801e-08
   7  2.59285736084  2.59285712242  9.19520601883e-08
   8  2.71785736084  2.71785712242  8.77229950902e-08
   9  2.82896852493  2.82896828651  8.42775662591e-08
  10  2.92896842957  2.92896842957  0
  11  3.01987743378  3.01987743378  0
  12  3.10321068764  3.10321092606  7.6829643092e-08
  13  3.18013381958  3.18013381958  0
  14  3.25156235695  3.25156235695  0
  15  3.31822896004  3.31822919846  7.18511472542e-08
  16  3.38072896004  3.38072919846  7.05228231368e-08
  17  3.43955254555  3.43955254555  0
  18  3.49510812759  3.49510812759  0
  19  3.54773974419  3.54773974419  0
  20  3.5977396965  3.5977396965  0
  21  3.64535880089  3.64535880089  0
  22  3.69081330299  3.69081330299  0
  23  3.7342915535  3.7342915535  0
  24  3.77595829964  3.77595829964  0
  25  3.81595826149  3.81595826149  0
  26  3.85441970825  3.85441970825  0
  27  3.89145684242  3.89145684242  0
  28  3.92717123032  3.9271709919  6.07100005823e-08
  29  3.96165394783  3.96165394783  0
  30  3.99498724937  3.99498724937  0
  31  4.02724552155  4.02724552155  0
  32  4.05849552155  4.05849552155  0
  33  4.08879852295  4.08879852295  0
  34  4.1182103157  4.11820983887  1.15787486266e-07
  35  4.14678192139  4.14678144455  1.14989688882e-07
  36  4.1745595932  4.1745595932  0
  37  4.20158672333  4.20158624649  1.13489782905e-07
  38  4.22790241241  4.22790241241  0
  39  4.25354337692  4.25354290009  1.12103528238e-07
  40  4.27854347229  4.27854347229  0
  41  4.30293369293  4.30293369293  0
  42  4.32674312592  4.32674312592  0
  43  4.34999895096  4.34999895096  0
  44  4.37272644043  4.37272644043  0
  45  4.39494848251  4.39494848251  0
  46  4.41668748856  4.41668748856  0
  47  4.43796396255  4.43796443939  1.07445018216e-07
  48  4.45879745483  4.45879745483  0
  49  4.47920560837  4.47920608521  1.06455729565e-07
  50  4.49920558929  4.49920558929  0
  51  4.51881361008  4.51881361008  0
  52  4.53804445267  4.53804445267  0
  53  4.55691242218  4.55691242218  0
  54  4.57543087006  4.57543087006  0
  55  4.5936126709  4.5936126709  0
  56  4.61146974564  4.61146974564  0
  57  4.62901353836  4.6290140152  1.03010521002e-07
  58  4.64625501633  4.64625501633  0
  59  4.66320419312  4.66320419312  0
  60  4.67987108231  4.67987060547  1.01891096449e-07
  61  4.6962647438  4.69626426697  1.01535420072e-07
  62  4.71239376068  4.71239328384  1.01187886514e-07
  63  4.728266716  4.72826623917  1.00848197349e-07
  64  4.743891716  4.74389123917  1.00516025725e-07
  65  4.75927639008  4.75927591324  1.00191101637e-07
  66  4.77442789078  4.77442741394  9.98731621848e-08
  67  4.78935337067  4.78935241699  1.9912383209e-07
  68  4.80405902863  4.80405855179  9.92571429492e-08
  69  4.81855201721  4.81855106354  1.97917216838e-07
  70  4.83283758163  4.8328371048  9.86660921853e-08
  71  4.84692192078  4.84692144394  9.83793739806e-08
  72  4.86081075668  4.86081027985  9.80982832743e-08
  73  4.87450933456  4.87450885773  9.78226069037e-08
  74  4.88802289963  4.88802242279  9.75521601276e-08
  75  4.90135622025  4.90135574341  9.72867866267e-08
  76  4.91451406479  4.91451358795  9.70263158706e-08
  77  4.92750120163  4.92750072479  9.677059154e-08
  78  4.9403219223  4.94032096863  1.93038914631e-07
  79  4.9529800415  4.95297908783  1.9254558481e-07
  80  4.96547985077  4.96547937393  9.60304262776e-08
  81  4.97782564163  4.97782516479  9.57922665634e-08
  82  4.99002075195  4.99001979828  1.91116313886e-07
  83  5.00206899643  5.00206851959  9.53279908344e-08
  84  5.01397371292  5.01397323608  9.51016545514e-08
  85  5.02573823929  5.02573776245  9.48790344069e-08
  86  5.03736591339  5.03736543655  9.4660016714e-08
  87  5.04886007309  5.04885959625  9.44445304185e-08
  88  5.06022357941  5.06022357941  0
  89  5.0714597702  5.07145929337  9.40236475344e-08
  90  5.08257102966  5.08257007599  1.87636217674e-07
  91  5.09356021881  5.09355926514  1.87231393056e-07
  92  5.10442972183  5.10442876816  1.86832707527e-07
  93  5.11518239975  5.11518144608  1.86439962135e-07
  94  5.12582063675  5.12581968307  1.86053014772e-07
  95  5.13634681702  5.13634586334  1.8567173754e-07
  96  5.14676332474  5.1467628479  9.26479728491e-08
  97  5.1570725441  5.15707206726  9.24627698851e-08
  98  5.16727685928  5.16727638245  9.22801746128e-08
  99  5.17737770081  5.17737722397  9.2100130189e-08
 100  5.18737792969  5.18737697601  1.83845173751e-07
 101  5.19727897644  5.19727802277  1.83494947237e-07
 102  5.20708274841  5.20708179474  1.83149467148e-07
 103  5.21679162979  5.21679115295  9.14043027933e-08
 104  5.22640705109  5.22640609741  1.82472277288e-07
 105  5.23593091965  5.23592996597  1.82140368565e-07
 106  5.24536466599  5.24536418915  9.09063970767e-08
 107  5.25471067429  5.25470972061  1.81489426154e-07
 108  5.26396989822  5.26396894455  1.81170179303e-07
 109  5.27314424515  5.27314329147  1.80854982545e-07
 110  5.28223514557  5.28223419189  1.80543722195e-07
 111  5.29124403  5.29124355316  9.01181635982e-08
 112  5.30017280579  5.30017185211  1.79932698074e-07
 113  5.30902242661  5.30902099609  2.69449145662e-07
 114  5.31779432297  5.31779289246  2.6900468697e-07
 115  5.32648992538  5.32648897171  1.79043681214e-07
 116  5.33511066437  5.33510971069  1.78754376634e-07
 117  5.34365749359  5.34365653992  1.78468468448e-07
 118  5.35213184357  5.35213088989  1.78185899813e-07
 119  5.36053514481  5.36053466797  8.89532856263e-08
 120  5.36886835098  5.36886787415  8.88152129619e-08
 121  5.37713289261  5.37713241577  8.86787105969e-08
 122  5.38532972336  5.38532924652  8.85437358988e-08
 123  5.39345979691  5.39345932007  8.84102604459e-08
 124  5.40152454376  5.40152359009  1.76556525844e-07
 125  5.40952444077  5.40952396393  8.81477149051e-08
 126  5.41746091843  5.41746044159  8.80185737628e-08
 127  5.42533493042  5.42533397675  1.7578166478e-07
 128  5.43314743042  5.43314647675  1.75528896307e-07
 129  5.4408993721  5.44089889526  8.76394068428e-08
 130  5.44859170914  5.4485912323  8.75156800362e-08
 131  5.4562253952  5.45622444153  1.74786478624e-07
 132  5.46380138397  5.4638004303  1.74544112497e-07
 133  5.47132015228  5.47131919861  1.74304261691e-07
 134  5.47878265381  5.47878170013  1.74066840941e-07
 135  5.48618984222  5.48618936539  8.69159038075e-08
 136  5.4935426712  5.49354219437  8.67995737508e-08
 137  5.50084209442  5.50084161758  8.66843947733e-08
 138  5.50808858871  5.50808811188  8.65703597697e-08
 139  5.51528263092  5.51528215408  8.64574261072e-08
 140  5.52242565155  5.52242517471  8.63456008915e-08
 141  5.5295176506  5.52951717377  8.62348628061e-08
 142  5.53656005859  5.53655958176  8.61251692186e-08
 143  5.54355287552  5.54355239868  8.60165343397e-08
 144  5.55049753189  5.55049705505  8.59089084315e-08
 145  5.55739402771  5.55739355087  8.5802291494e-08
 146  5.56424331665  5.56424283981  8.56966764218e-08
 147  5.57104587555  5.57104587555  0
 148  5.57780265808  5.57780265808  0
 149  5.58451414108  5.58451414108  0
 150  5.59118080139  5.59118080139  0
 151  5.59780311584  5.59780311584  0
 152  5.60438203812  5.60438203812  0
 153  5.61091804504  5.61091804504  0
 154  5.61741161346  5.61741161346  0
 155  5.62386322021  5.62386322021  0
 156  5.63027334213  5.63027334213  0
 157  5.63664293289  5.63664293289  0
 158  5.64297199249  5.64297199249  0
 159  5.64926147461  5.64926147461  0
 160  5.65551137924  5.65551137924  0
 161  5.66172266006  5.66172266006  0
 162  5.66789531708  5.66789531708  0
 163  5.67403030396  5.67403030396  0
 164  5.68012809753  5.68012809753  0
 165  5.68618869781  5.68618869781  0
 166  5.69221258163  5.69221258163  0
 167  5.69820070267  5.69820070267  0
 168  5.70415306091  5.70415306091  0
 169  5.71007013321  5.71007013321  0
 170  5.71595239639  5.71595239639  0
 171  5.7218003273  5.7218003273  0
 172  5.72761440277  5.72761440277  0
 173  5.7333946228  5.73339509964  8.31683806268e-08
 174  5.73914194107  5.73914194107  0
 175  5.74485635757  5.74485635757  0
 176  5.75053834915  5.75053834915  0
 177  5.7561879158  5.7561879158  0
 178  5.7618060112  5.7618060112  0
 179  5.76739263535  5.76739263535  0
 180  5.77294826508  5.77294826508  0
 181  5.77847290039  5.77847290039  0
 182  5.78396749496  5.78396749496  0
 183  5.7894320488  5.7894320488  0
 184  5.79486703873  5.79486656189  8.2286135239e-08
 185  5.80027246475  5.80027198792  8.22094463615e-08
 186  5.80564880371  5.80564832687  8.21333117074e-08
 187  5.81099653244  5.8109960556  8.20577312766e-08
 188  5.81631565094  5.8163151741  8.19826837528e-08
 189  5.82160663605  5.82160615921  8.19081691361e-08
 190  5.8268699646  5.82686948776  8.18341874265e-08
 191  5.8321056366  5.83210468292  1.63521448826e-07
 192  5.83731412888  5.8373131752  1.63375545981e-07
 193  5.84249544144  5.84249448776  1.63230666317e-07
 194  5.84765005112  5.84764909744  1.63086781413e-07
 195  5.85277843475  5.85277748108  1.62943877058e-07
 196  5.85788059235  5.85787916183  2.44202936983e-07
 197  5.8629565239  5.86295557022  1.62661009995e-07
 198  5.86800718307  5.8680062294  1.62521004654e-07
 199  5.87303209305  5.87303113937  1.62381951441e-07
 200  5.87803220749  5.87803125381  1.62243821933e-07
 201  5.8830075264  5.88300657272  1.6210660192e-07
 202  5.88795804977  5.8879570961  1.61970305612e-07
 203  5.89288425446  5.89288282394  2.42752378199e-07
 204  5.89778614044  5.89778518677  1.61700398849e-07
 205  5.90266418457  5.90266275406  2.42350182589e-07
 206  5.90751838684  5.90751743317  1.61434016377e-07
 207  5.91234922409  5.91234827042  1.61302111223e-07
 208  5.91715669632  5.91715574265  1.61171058721e-07
 209  5.92194128036  5.92194080353  8.05204223298e-08
 210  5.92670297623  5.92670297623  0
 211  5.93144226074  5.93144178391  8.03914375069e-08
 212  5.93615913391  5.93615913391  0
 213  5.94085407257  5.94085359573  8.02640727215e-08
 214  5.94552707672  5.94552659988  8.02009907375e-08
 215  5.95017814636  5.95017766953  8.01382995519e-08
 216  5.95480775833  5.95480775833  0
 217  5.95941591263  5.95941591263  0
 218  5.96400308609  5.96400308609  0
 219  5.96856927872  5.96856927872  0
 220  5.97311496735  5.97311449051  7.98305705985e-08
 221  5.97763967514  5.97763967514  0
 222  5.98214435577  5.98214387894  7.97100696559e-08
 223  5.98662853241  5.98662853241  0
 224  5.99109268188  5.99109268188  0
 225  5.99553728104  5.99553728104  0
 226  5.99996185303  5.99996232986  7.94733665543e-08
 227  6.00436735153  6.00436735153  0
 228  6.00875329971  6.00875329971  0
 229  6.01312017441  6.01312017441  0
 230  6.01746797562  6.01746797562  0
 231  6.02179718018  6.02179670334  7.9185191737e-08
 232  6.02610731125  6.02610731125  0
 233  6.03039932251  6.03039884567  7.90722367583e-08
 234  6.03467273712  6.03467226028  7.90162388853e-08
 235  6.03892803192  6.03892755508  7.89605607565e-08
 236  6.04316520691  6.04316473007  7.8905202372e-08
 237  6.04738473892  6.04738473892  0
 238  6.05158662796  6.05158615112  7.8795402203e-08
 239  6.05577087402  6.05577039719  7.87409533132e-08
 240  6.05993747711  6.05993700027  7.86868099567e-08
 241  6.06408691406  6.06408643723  7.86329721336e-08
 242  6.06821918488  6.06821870804  7.85794256331e-08
 243  6.07233428955  6.07233381271  7.8526170455e-08
 244  6.07643270493  6.07643175125  1.5694642741e-07
 245  6.080514431  6.08051347733  1.56841068133e-07
 246  6.08457946777  6.0845785141  1.56736291501e-07
 247  6.08862781525  6.08862733841  7.83160274409e-08
 248  6.09265995026  6.09265947342  7.82642004538e-08
 249  6.0966758728  6.09667539597  7.82126505783e-08
 250  6.10067605972  6.10067558289  7.8161370709e-08
 251  6.10466003418  6.10465955734  7.81103537406e-08
 252  6.10862827301  6.10862779617  7.80596138839e-08
 253  6.11258077621  6.11258029938  7.80091440333e-08
 254  6.11651802063  6.11651754379  7.79589228728e-08
 255  6.12043952942  6.12043905258  7.79089717184e-08
 256  6.12434577942  6.12434530258  7.78592834649e-08
 257  6.12823677063  6.12823629379  7.78098439014e-08
 258  6.13211250305  6.13211250305  0
 259  6.13597345352  6.13597345352  0
 260  6.13981962204  6.13981962204  0
 261  6.14365100861  6.14365100861  0
 262  6.14746761322  6.14746761322  0
 263  6.15126991272  6.15126991272  0
 264  6.1550579071  6.15505743027  7.74707800133e-08
 265  6.15883159637  6.15883111954  7.74233157586e-08
 266  6.16259098053  6.16259050369  7.73760859829e-08
 267  6.16633653641  6.16633605957  7.73290906864e-08
 268  6.17006778717  6.17006731033  7.72823227635e-08
 269  6.17378520966  6.17378473282  7.72357893197e-08
 270  6.17748880386  6.17748832703  7.71894903551e-08
 271  6.18117904663  6.18117856979  7.71433974478e-08
 272  6.18485546112  6.18485498428  7.70975461251e-08
 273  6.18851852417  6.18851804733  7.70519079651e-08
 274  6.19216823578  6.19216775894  7.70064900735e-08
 275  6.19580459595  6.19580411911  7.69612995555e-08
 276  6.19942760468  6.19942712784  7.69163222003e-08
 277  6.2030377388  6.20303726196  7.6871558008e-08
 278  6.20663499832  6.20663452148  7.68270069784e-08
 279  6.21021938324  6.21021842957  1.53565324013e-07
 280  6.21379089355  6.21378993988  1.53477060394e-07
 281  6.21734952927  6.21734857559  1.53389223101e-07
 282  6.22089576721  6.22089481354  1.53301783712e-07
 283  6.22442913055  6.22442817688  1.53214756438e-07
 284  6.22795009613  6.22794961929  7.65640635336e-08
 285  6.23145866394  6.2314581871  7.65209549058e-08
 286  6.23495531082  6.23495483398  7.647804523e-08
 287  6.23843955994  6.2384390831  7.64353274008e-08
 288  6.24191188812  6.24191141129  7.63928085235e-08
 289  6.24537229538  6.24537134171  1.52700962985e-07
 290  6.24882078171  6.24881982803  1.52616692617e-07
 291  6.25225734711  6.25225639343  1.52532805942e-07
 292  6.25568199158  6.2556810379  1.52449302959e-07
 293  6.25909519196  6.25909376144  2.2854928261e-07
 294  6.26249647141  6.26249504089  2.28425136584e-07
 295  6.26588630676  6.26588487625  2.28301573202e-07
 296  6.26926469803  6.26926326752  2.28178521411e-07
 297  6.2726316452  6.27263021469  2.28056066476e-07
 298  6.27598714828  6.27598619461  1.51956072614e-07
 299  6.27933168411  6.27933073044  1.51875141796e-07
 300  6.28266525269  6.28266429901  1.51794552039e-07
 301  6.28598737717  6.28598594666  2.27571504752e-07
 302  6.28929853439  6.28929758072  1.51634466761e-07
 303  6.29259872437  6.29259777069  1.51554928607e-07
 304  6.29588842392  6.29588699341  2.27213618587e-07
 305  6.29916715622  6.29916572571  2.27095355854e-07
 306  6.30243492126  6.30243396759  1.51318403141e-07
 307  6.30569219589  6.30569124222  1.5124024344e-07
 308  6.3089389801  6.30893802643  1.51162410589e-07
 309  6.3121752739  6.31217384338  2.26627349775e-07
 310  6.31540107727  6.31539964676  2.26511616574e-07
 311  6.31861639023  6.31861543655  1.50930887344e-07
 312  6.32182168961  6.32182025909  2.26281542837e-07
 313  6.32501649857  6.32501506805  2.26167244932e-07
 314  6.32820129395  6.32819986343  2.26053444408e-07
 315  6.33137607574  6.3313741684  3.01253464841e-07
 316  6.33454084396  6.33453893661  3.01102943467e-07
 317  6.3376955986  6.33769369125  3.00953075794e-07
 318  6.34084033966  6.34083843231  3.00803804976e-07
 319  6.34397506714  6.34397315979  3.00655159435e-07
 320  6.34710025787  6.34709787369  3.75633931071e-07
 321  6.35021543503  6.35021352768  3.00359715766e-07
 322  6.35332107544  6.35331916809  3.00212889215e-07
 323  6.35641717911  6.35641527176  3.0006665952e-07
 324  6.35950374603  6.35950136185  3.74901276246e-07
 325  6.36258077621  6.36257839203  3.74720002583e-07
 326  6.36564826965  6.36564588547  3.74539411041e-07
 327  6.36870622635  6.368704319  2.99487652455e-07
 328  6.37175512314  6.37175273895  3.74180473273e-07
 329  6.37479448318  6.374792099  3.74002070203e-07
 330  6.37782478333  6.37782239914  3.73824349253e-07
 331  6.38084602356  6.38084363937  3.73647338847e-07
 332  6.38385820389  6.3838558197  3.73471067405e-07
 333  6.38686132431  6.38685894012  3.73295449663e-07
 334  6.38985538483  6.38985300064  3.73120514041e-07
 335  6.39284038544  6.39283800125  3.72946288962e-07
 336  6.39581680298  6.39581394196  4.47327323627e-07
 337  6.39878416061  6.39878129959  4.4711987357e-07
 338  6.40174293518  6.40174007416  4.46913219321e-07
 339  6.40469264984  6.40468978882  4.46707389301e-07
 340  6.40763378143  6.40763092041  4.46502355089e-07
 341  6.41056632996  6.41056346893  4.46298088264e-07
 342  6.41349029541  6.41348743439  4.46094617246e-07
 343  6.4164056778  6.41640281677  4.45891942036e-07
 344  6.41931247711  6.41931009293  3.71408333422e-07
 345  6.4222111702  6.42220878601  3.71240730601e-07
 346  6.42510128021  6.42509889603  3.71073696215e-07
 347  6.427983284  6.42798089981  3.7090734395e-07
 348  6.43085670471  6.43085432053  3.70741616962e-07
 349  6.4337220192  6.43371963501  3.70576515252e-07
 350  6.43657922745  6.43657684326  3.70412010398e-07
 351  6.43942832947  6.43942546844  4.44297768354e-07
 352  6.44226932526  6.44226646423  4.44101829089e-07
 353  6.44510221481  6.44509935379  4.43906628789e-07
 354  6.44792699814  6.44792413712  4.43712167453e-07
 355  6.45074367523  6.45074129105  3.69598637917e-07
 356  6.45355272293  6.45355033875  3.69437799463e-07
 357  6.4563536644  6.45635128021  3.69277529444e-07
 358  6.45914697647  6.45914459229  3.69117827859e-07
 359  6.46193265915  6.46193027496  3.68958694708e-07
 360  6.4647102356  6.46470785141  3.68800158412e-07
 361  6.46748018265  6.46747779846  3.68642218973e-07
 362  6.47024250031  6.47024059296  2.94787867006e-07
 363  6.47299718857  6.47299528122  2.9466241358e-07
 364  6.47574424744  6.47574234009  2.94537414902e-07
 365  6.47848415375  6.4784822464  2.9441284255e-07
 366  6.48121643066  6.48121452332  2.94288724945e-07
 367  6.48394107819  6.48393917084  2.94165062087e-07
 368  6.48665857315  6.4866566658  2.94041825555e-07
 369  6.48936843872  6.48936653137  2.9391904377e-07
 370  6.49207115173  6.49206924438  2.93796688311e-07
 371  6.49476671219  6.49476480484  2.93674730756e-07
 372  6.49745512009  6.4974527359  3.66941549146e-07
 373  6.50013589859  6.5001335144  3.66790231965e-07
 374  6.50280952454  6.50280761719  2.93311501309e-07
 375  6.50547599792  6.50547409058  2.931913059e-07
 376  6.50813579559  6.50813388824  2.93071479973e-07
 377  6.5107884407  6.51078605652  3.6619010757e-07
 378  6.51343393326  6.51343154907  3.66041376765e-07
 379  6.51607227325  6.51607036591  2.92714503303e-07
 380  6.51870393753  6.51870203018  2.92596325835e-07
 381  6.52132844925  6.5213265419  2.92478574693e-07
 382  6.52394628525  6.5239443779  2.92361221454e-07
 383  6.52655744553  6.52655553818  2.9224426612e-07
 384  6.52916145325  6.5291595459  2.9212770869e-07
 385  6.53175878525  6.5317568779  2.92011549163e-07
 386  6.53434944153  6.53434753418  2.91895759119e-07
 387  6.53693342209  6.53693151474  2.91780366979e-07
 388  6.53951072693  6.53950881958  2.91665372743e-07
 389  6.54208135605  6.54207992554  2.18663060991e-07
 390  6.54464530945  6.54464387894  2.18577426381e-07
 391  6.54720306396  6.54720163345  2.18492033355e-07
 392  6.54975414276  6.54975271225  2.18406924546e-07
 393  6.55229854584  6.55229711533  2.18322114165e-07
 394  6.55483675003  6.55483484268  2.90983422246e-07
 395  6.5573682785  6.55736684799  2.18153317633e-07
 396  6.55989360809  6.55989217758  2.18069345692e-07
 397  6.56241226196  6.56241083145  2.17985643758e-07
 398  6.56492471695  6.56492328644  2.1790221183e-07
 399  6.56743097305  6.56742954254  2.17819049908e-07
 400  6.56993103027  6.56992959976  2.17736186414e-07
 401  6.57242488861  6.5724234581  2.17653564505e-07
 402  6.57491254807  6.57491111755  2.17571198391e-07
 403  6.57739400864  6.57739210129  2.89985507607e-07
 404  6.57986927032  6.57986736298  2.89876425086e-07
 405  6.58233833313  6.58233642578  2.89767683626e-07
 406  6.58480119705  6.58479976654  2.17244462419e-07
 407  6.58725833893  6.58725643158  2.89551252308e-07
 408  6.58970928192  6.58970785141  2.17082671838e-07
 409  6.59215450287  6.59215259552  2.89336185233e-07
 410  6.59459352493  6.59459161758  2.89229177497e-07
 411  6.59702682495  6.59702444077  3.61403124316e-07
 412  6.59945392609  6.5994515419  3.61270224403e-07
 413  6.60187530518  6.60187292099  3.61137722393e-07
 414  6.60429096222  6.60428857803  3.61005618288e-07
 415  6.60670042038  6.60669803619  3.60873997352e-07
 416  6.60910415649  6.60910177231  3.60742717476e-07
 417  6.61150217056  6.61149978638  3.60611892347e-07
 418  6.61389446259  6.6138920784  3.60481436701e-07
 419  6.61628103256  6.61627912521  2.88281114535e-07
 420  6.61866188049  6.61865949631  3.60221775964e-07
 421  6.62103700638  6.62103509903  2.88074033961e-07
 422  6.62340688705  6.62340497971  2.87970976842e-07
 423  6.62577104568  6.62576913834  2.87868232363e-07
 424  6.62812948227  6.62812757492  2.87765800522e-07
 425  6.63048219681  6.63048028946  2.8766368132e-07
 426  6.63282966614  6.63282775879  2.87561874757e-07
 427  6.63517141342  6.63516950607  2.87460380832e-07
 428  6.6375079155  6.63750600815  2.87359199547e-07
 429  6.63983869553  6.63983678818  2.872583309e-07
 430  6.64216423035  6.64216279984  2.15368302747e-07
 431  6.64448451996  6.64448308945  2.15293098904e-07
 432  6.64679956436  6.64679765701  2.86957487106e-07
 433  6.64910888672  6.64910745621  2.15143373339e-07
 434  6.65141296387  6.65141153336  2.15068837406e-07
 435  6.65371179581  6.65370988846  2.86659371795e-07
 436  6.65600538254  6.65600347519  2.86560606355e-07
 437  6.65829372406  6.65829229355  2.14846579638e-07
 438  6.66057682037  6.66057538986  2.14772938989e-07
 439  6.66285467148  6.66285324097  2.14699497292e-07
 440  6.66512727737  6.6651263237  1.43084193382e-07
 441  6.66739463806  6.66739320755  2.1455332444e-07
 442  6.66965723038  6.6696562767  1.42987019558e-07
 443  6.67191457748  6.67191362381  1.42938631598e-07
 444  6.67416667938  6.67416572571  1.42890399957e-07
 445  6.67641401291  6.67641305923  1.42842310424e-07
 446  6.67865610123  6.67865514755  1.4279434879e-07
 447  6.68089342117  6.6808924675  1.42746529264e-07
 448  6.68312549591  6.6831240654  2.14048299085e-07
 449  6.68535280228  6.6853518486  1.42651316537e-07
 450  6.68757486343  6.68757390976  1.42603923337e-07
 451  6.68979215622  6.68979120255  1.42556658034e-07
 452  6.69200468063  6.69200372696  1.42509520629e-07
 453  6.69421195984  6.69421100616  1.42462525332e-07
 454  6.69641447067  6.696413517  1.42415672144e-07
 455  6.69861221313  6.6986117363  7.11844663215e-08
 456  6.70080518723  6.70080423355  1.42322349461e-07
 457  6.70299339294  6.70299291611  7.11379399831e-08
 458  6.70517683029  6.70517587662  1.42229566791e-07
 459  6.70735549927  6.70735502243  7.10916765456e-08
 460  6.70952939987  6.7095284462  1.42137295711e-07
 461  6.7116985321  6.71169805527  7.10456760089e-08
 462  6.71386289597  6.71386194229  1.42045550433e-07
 463  6.71602249146  6.71602201462  7.09999312676e-08
 464  6.71817779541  6.71817731857  7.09771583729e-08
 465  6.72032833099  6.72032785416  7.09544423216e-08
 466  6.72247409821  6.72247362137  7.09317973246e-08
 467  6.72461557388  6.72461462021  1.41818418342e-07
 468  6.72675228119  6.72675180435  7.08866849664e-08
 469  6.72888469696  6.72888374329  1.41728449421e-07
 470  6.73101234436  6.73101139069  1.41683642596e-07
 471  6.73313570023  6.73313474655  1.41638963669e-07
 472  6.73525428772  6.73525333405  1.41594412639e-07
 473  6.73736858368  6.73736763  1.41549975297e-07
 474  6.73947811127  6.73947715759  1.41505665852e-07
 475  6.74158334732  6.74158239365  1.41461484304e-07
 476  6.74368429184  6.74368333817  1.41417416444e-07
 477  6.74578094482  6.74577951431  2.12060200511e-07
 478  6.74787282944  6.74787187576  1.41329635994e-07
 479  6.74996042252  6.74995946884  1.41285923405e-07
 480  6.75204372406  6.75204277039  1.41242324503e-07
 481  6.75412273407  6.7541217804  1.41198853498e-07
 482  6.75619745255  6.75619649887  1.41155496181e-07
 483  6.75826787949  6.75826692581  1.4111225255e-07
 484  6.76033401489  6.76033306122  1.41069122606e-07
 485  6.76239585876  6.76239490509  1.41026106348e-07
 486  6.7644534111  6.76445245743  1.40983217989e-07
 487  6.76650667191  6.76650571823  1.40940429105e-07
 488  6.76855564117  6.76855516434  7.04488769543e-08
 489  6.77060079575  6.77059984207  1.4085520661e-07
 490  6.77264165878  6.77264070511  1.40812758787e-07
 491  6.77467823029  6.77467727661  1.40770438861e-07
 492  6.77671098709  6.77671003342  1.40728204201e-07
 493  6.77873945236  6.77873849869  1.40686097438e-07
 494  6.7807636261  6.78076267242  1.40644104363e-07
 495  6.78278398514  6.78278255463  2.10903309039e-07
 496  6.78480005264  6.78479862213  2.1084063917e-07
 497  6.78681230545  6.78681087494  2.1077812562e-07
 498  6.78882026672  6.78881883621  2.10715796811e-07
 499  6.7908244133  6.79082298279  2.106535959e-07
 500  6.79282426834  6.79282283783  2.1059157973e-07
 501  6.79482030869  6.79481887817  2.1052971988e-07
 502  6.79681253433  6.79681062698  2.80624021798e-07
 503  6.79880046844  6.79879903793  2.10406483347e-07
 504  6.80078458786  6.80078315735  2.10345078244e-07
 505  6.80276489258  6.80276346207  2.10283857882e-07
 506  6.8047413826  6.80473947525  2.80297058453e-07
 507  6.80671358109  6.80671215057  2.10161857694e-07
 508  6.80868196487  6.80868053436  2.1010110629e-07
 509  6.81064653397  6.81064510345  2.10040496995e-07
 510  6.81260728836  6.81260585785  2.09980044019e-07
 511  6.81456422806  6.81456279755  2.09919747363e-07
 512  6.81651735306  6.81651592255  2.09859592815e-07
 513  6.81846666336  6.81846523285  2.09799594586e-07
 514  6.82041215897  6.82041072845  2.09739752677e-07
 515  6.82235383987  6.82235240936  2.09680067087e-07
 516  6.82429170609  6.82429075241  1.39747015737e-07
 517  6.8262257576  6.82622480392  1.39707424296e-07
 518  6.82815647125  6.82815551758  1.3966791812e-07
 519  6.83008337021  6.83008241653  1.3962851142e-07
 520  6.83200645447  6.83200550079  1.39589204196e-07
 521  6.83392572403  6.83392477036  1.39550010658e-07
 522  6.83584165573  6.83584070206  1.39510888175e-07
 523  6.83775377274  6.83775281906  1.39471879379e-07
 524  6.83966207504  6.83966112137  1.39432970059e-07
 525  6.84156703949  6.84156560898  2.09091226111e-07
 526  6.84346818924  6.84346675873  2.09033132137e-07
 527  6.84536552429  6.84536457062  1.39316796322e-07
 528  6.84725952148  6.84725856781  1.39278256484e-07
 529  6.84914970398  6.84914875031  1.39239816122e-07
 530  6.85103654861  6.85103559494  1.39201475235e-07
 531  6.85291957855  6.85291910172  6.95816098073e-08
 532  6.85479927063  6.85479879379  6.95625246294e-08
 533  6.85667562485  6.85667467117  1.3908699259e-07
 534  6.85854816437  6.85854721069  1.39049021186e-07
 535  6.86041736603  6.86041641235  1.39011135047e-07
 536  6.86228322983  6.86228227615  1.38973334174e-07
 537  6.86414527893  6.86414432526  1.38935632776e-07
 538  6.86600399017  6.8660030365  1.38898016644e-07
 539  6.86785936356  6.86785840988  1.38860499987e-07
 540  6.86971139908  6.8697104454  1.38823068596e-07
 541  6.8715596199  6.87155866623  1.3878572247e-07
 542  6.87340450287  6.87340402603  6.93742308044e-08
 543  6.87524604797  6.87524557114  6.93556501119e-08
 544  6.87708425522  6.87708377838  6.93371191574e-08
 545  6.8789191246  6.87891864777  6.93186237299e-08
 546  6.88075065613  6.88075017929  6.93001638297e-08
 547  6.88257884979  6.88257789612  1.38563521546e-07
 548  6.8844037056  6.88440275192  1.38526800697e-07
 549  6.88622522354  6.88622426987  1.38490150903e-07
 550  6.88804340363  6.88804292679  6.92267931868e-08
 551  6.88985824585  6.88985776901  6.92085606602e-08
 552  6.89166975021  6.89166927338  6.91903707661e-08
 553  6.89347791672  6.89347743988  6.91722235047e-08
 554  6.89528274536  6.89528274536  0
 555  6.89708471298  6.89708423615  6.9136049774e-08
 556  6.89888334274  6.89888286591  6.91180233048e-08
 557  6.90067863464  6.90067815781  6.91000394681e-08
 558  6.90247058868  6.90247058868  0
 559  6.9042596817  6.90425920486  6.90641996925e-08
 560  6.90604543686  6.90604496002  6.90463437536e-08
 561  6.90782785416  6.90782737732  6.90285304472e-08
 562  6.90960741043  6.90960693359  6.9010752668e-08
 563  6.91138362885  6.91138315201  6.89930104159e-08
 564  6.9131565094  6.91315603256  6.89753179017e-08
 565  6.91492652893  6.91492605209  6.89576609147e-08
 566  6.9166932106  6.91669273376  6.89400536658e-08
 567  6.91845703125  6.91845655441  6.89224748385e-08
 568  6.92021751404  6.9202170372  6.89049386438e-08
 569  6.9219751358  6.92197465897  6.88874450816e-08
 570  6.92372941971  6.92372894287  6.8869994152e-08
 571  6.92548084259  6.92548036575  6.88525716441e-08
 572  6.92722892761  6.92722845078  6.88351988742e-08
 573  6.92897415161  6.92897367477  6.88178545261e-08
 574  6.93071651459  6.93071556091  1.37601119832e-07
 575  6.9324555397  6.93245458603  1.37566601666e-07
 576  6.9341917038  6.93419075012  1.37532168765e-07
 577  6.93592500687  6.93592405319  1.37497792707e-07
 578  6.93765497208  6.9376540184  1.37463501915e-07
 579  6.93938207626  6.93938112259  1.37429296387e-07
 580  6.94110631943  6.94110536575  1.37395161914e-07
 581  6.94282770157  6.94282627106  2.06041633533e-07
 582  6.94454574585  6.94454479218  1.37327106131e-07
 583  6.94626092911  6.94625997543  1.37293199032e-07
 584  6.94797325134  6.94797229767  1.37259362987e-07
 585  6.94968271255  6.94968175888  1.37225597996e-07
 586  6.95138931274  6.95138788223  2.05787884511e-07
 587  6.95309305191  6.9530916214  2.05737435977e-07
 588  6.95479393005  6.95479202271  2.74249515542e-07
 589  6.95649194717  6.95649003983  2.74182582416e-07
 590  6.95818662643  6.95818471909  2.74115791399e-07
 591  6.95987844467  6.95987701416  2.05536863973e-07
 592  6.96156740189  6.96156597137  2.05486998084e-07
 593  6.96325397491  6.9632525444  2.05437245882e-07
 594  6.96493768692  6.96493577957  2.73850105259e-07
 595  6.9666185379  6.96661663055  2.73784024785e-07
 596  6.96829652786  6.96829462051  2.7371811484e-07
 597  6.9699716568  6.96996974945  2.73652318583e-07
 598  6.97164392471  6.97164201736  2.73586664434e-07
 599  6.9733133316  6.97331142426  2.73521180816e-07
 600  6.97497987747  6.97497797012  2.73455839306e-07
 601  6.97664356232  6.97664165497  2.73390611483e-07
 602  6.97830486298  6.97830295563  2.73325525768e-07
 603  6.97996330261  6.97996139526  2.73260582162e-07
 604  6.98161888123  6.98161697388  2.73195780665e-07
 605  6.98327159882  6.9832701683  2.04848348062e-07
 606  6.98492193222  6.98492002487  2.73066603995e-07
 607  6.9865694046  6.98656749725  2.73002200402e-07
 608  6.98821401596  6.98821258545  2.04703454187e-07
 609  6.98985624313  6.98985433578  2.72873847962e-07
 610  6.99149560928  6.99149370193  2.72809842272e-07
 611  6.99313211441  6.99313020706  2.72746007113e-07
 612  6.99476623535  6.994764328  2.7268228564e-07
 613  6.99639749527  6.99639558792  2.72618706276e-07
 614  6.998026371  6.99802446365  2.72555269021e-07
 615  6.99965238571  6.99965047836  2.72491945452e-07
 616  7.0012755394  7.00127410889  2.04321565889e-07
 617  7.0028963089  7.00289487839  2.04274286375e-07
 618  7.00451421738  7.00451278687  2.04227092127e-07
 619  7.00612974167  7.00612831116  2.04179997354e-07
 620  7.00774288177  7.00774145126  2.04133016268e-07
 621  7.00935316086  7.00935173035  2.04086106237e-07
 622  7.01096105576  7.01095914841  2.72052403716e-07
 623  7.01256608963  7.01256418228  2.71990160172e-07
 624  7.01416873932  7.01416683197  2.71928001894e-07
 625  7.01576852798  7.01576662064  2.71865985724e-07
 626  7.01736593246  7.01736450195  2.0385306243e-07
 627  7.01896095276  7.01895904541  2.71742351288e-07
 628  7.02055311203  7.02055168152  2.03760521345e-07
 629  7.02214288712  7.0221414566  2.0371439291e-07
 630  7.02373027802  7.02372837067  2.71557809128e-07
 631  7.02531528473  7.02531337738  2.71496560345e-07
 632  7.02689743042  7.02689552307  2.71435425248e-07
 633  7.02847719193  7.02847528458  2.71374403837e-07
 634  7.03005456924  7.0300526619  2.71313524536e-07
 635  7.03162956238  7.03162765503  2.71252758921e-07
 636  7.03320169449  7.03319978714  2.71192135415e-07
 637  7.03477144241  7.0347700119  2.03348690775e-07
 638  7.03633880615  7.03633737564  2.03303414992e-07
 639  7.03790378571  7.03790235519  2.03258196052e-07
 640  7.03946638107  7.03946447372  2.70950778258e-07
 641  7.04102659225  7.04102468491  2.70890751608e-07
 642  7.04258441925  7.04258203506  3.38538512779e-07
 643  7.04413986206  7.04413747787  3.38463763683e-07
 644  7.04569244385  7.04569005966  3.38389185117e-07
 645  7.04724264145  7.0472407341  2.70651810297e-07
 646  7.04879045486  7.04878854752  2.70592380502e-07
 647  7.05033588409  7.05033445358  2.02899784085e-07
 648  7.05187892914  7.05187749863  2.02855389375e-07
 649  7.05341959  7.05341815948  2.02811065719e-07
 650  7.05495786667  7.05495643616  2.02766841539e-07
 651  7.05649375916  7.05649280548  1.35148482627e-07
 652  7.05802726746  7.05802631378  1.35119108791e-07
 653  7.05955886841  7.05955791473  1.35089791797e-07
 654  7.06108808517  7.0610871315  1.35060545858e-07
 655  7.06261491776  7.06261396408  1.35031342552e-07
 656  7.06413936615  7.06413841248  1.350022103e-07
 657  7.06566143036  7.06566047668  1.3497312068e-07
 658  7.06718111038  7.06718015671  1.34944102115e-07
 659  7.06869840622  7.06869745255  1.34915126182e-07
 660  7.07021379471  7.07021284103  1.34886221304e-07
 661  7.07172679901  7.0717253685  2.02286045692e-07
 662  7.07323741913  7.07323598862  2.02242844694e-07
 663  7.07474565506  7.07474422455  2.02199714749e-07
 664  7.07625150681  7.07625055313  1.34771127591e-07
 665  7.0777554512  7.07775402069  2.02113739078e-07
 666  7.07925701141  7.0792555809  2.02070879141e-07
 667  7.08075618744  7.08075475693  2.02028090257e-07
 668  7.08225297928  7.0822520256  1.34656914952e-07
 669  7.08374786377  7.08374643326  2.01942768285e-07
 670  7.08524036407  7.08523893356  2.01900235197e-07
 671  7.08673048019  7.08672952652  1.34571848776e-07
 672  7.08821868896  7.08821773529  1.34543583385e-07
 673  7.08970451355  7.08970355988  1.3451538905e-07
 674  7.09118843079  7.09118700027  2.01730884442e-07
 675  7.09266996384  7.09266853333  2.01688720836e-07
 676  7.0941491127  7.09414768219  2.01646670916e-07
 677  7.09562635422  7.09562492371  2.01604692052e-07
 678  7.09710121155  7.09709978104  2.01562812663e-07
 679  7.09857416153  7.09857273102  2.01520975907e-07
 680  7.10004472733  7.10004329681  2.01479238626e-07
 681  7.10151338577  7.10151147842  2.68583448815e-07
 682  7.10297966003  7.10297775269  2.6852799806e-07
 683  7.10444402695  7.1044421196  2.6847263257e-07
 684  7.10590600967  7.10590410233  2.68417409188e-07
 685  7.10736608505  7.10736370087  3.35452853051e-07
 686  7.10882377625  7.1088218689  2.68307246643e-07
 687  7.11027956009  7.1102771759  3.35315405664e-07
 688  7.11173295975  7.11173057556  3.35246880923e-07
 689  7.11318445206  7.11318206787  3.35178469868e-07
 690  7.11463356018  7.11463165283  2.68088143685e-07
 691  7.11608076096  7.11607837677  3.35042045663e-07
 692  7.11752605438  7.1175236702  3.3497400409e-07
 693  7.11896896362  7.11896657944  3.34906104626e-07
 694  7.12040996552  7.12040758133  3.3483831885e-07
 695  7.12184858322  7.12184619904  3.34770703603e-07
 696  7.12328529358  7.12328338623  2.6776251616e-07
 697  7.12472009659  7.1247177124  3.34635785748e-07
 698  7.12615299225  7.12615060806  3.3456848314e-07
 699  7.12758350372  7.12758111954  3.34501322641e-07
 700  7.12901210785  7.12900972366  3.3443430425e-07
 701  7.13043880463  7.1304359436  4.01240868086e-07
 702  7.13186311722  7.13186073303  3.34300608529e-07
 703  7.13328552246  7.13328313828  3.34233931198e-07
 704  7.13470602036  7.13470363617  3.34167424398e-07
 705  7.1361246109  7.13612222672  3.34100974442e-07
 706  7.13754081726  7.13753843307  3.34034666594e-07
 707  7.13895511627  7.13895320892  2.6717478363e-07
 708  7.14036750793  7.14036560059  2.67121947672e-07
 709  7.14177799225  7.14177560806  3.33836482014e-07
 710  7.14318656921  7.14318418503  3.33770657335e-07
 711  7.14459323883  7.14459085464  3.33704946343e-07
 712  7.14599752426  7.14599514008  3.33639405881e-07
 713  7.14739990234  7.147397995  2.66859132125e-07
 714  7.14880037308  7.14879846573  2.6680683618e-07
 715  7.15019893646  7.15019702911  2.66754653921e-07
 716  7.1515955925  7.15159368515  2.66702556928e-07
 717  7.15299034119  7.15298843384  2.66650573622e-07
 718  7.15438318253  7.15438127518  2.66598647158e-07
 719  7.15577411652  7.15577173233  3.33183521661e-07
 720  7.15716314316  7.15716075897  3.33118890694e-07
 721  7.15855026245  7.15854787827  3.3305431657e-07
 722  7.1599354744  7.15993261337  3.99587889888e-07
 723  7.16131877899  7.16131591797  3.99510696525e-07
 724  7.16270017624  7.16269731522  3.99433645271e-07
 725  7.16407966614  7.16407632828  4.65916230041e-07
 726  7.16545724869  7.16545391083  4.65826616391e-07
 727  7.16683292389  7.16682910919  5.32271144493e-07
 728  7.16820669174  7.16820287704  5.32169110556e-07
 729  7.16957855225  7.16957473755  5.32067303993e-07
 730  7.1709485054  7.1709446907  5.3196566796e-07
 731  7.17231655121  7.17231273651  5.31864202458e-07
 732  7.17368268967  7.17367887497  5.31762907485e-07
 733  7.17504692078  7.17504310608  5.31661783043e-07
 734  7.17640924454  7.17640542984  5.31560885975e-07
 735  7.17776966095  7.17776584625  5.31460102593e-07
 736  7.17912817001  7.17912483215  4.6493957484e-07
 737  7.18048524857  7.18048143387  5.31259104264e-07
 738  7.18184041977  7.18183660507  5.31158889316e-07
 739  7.18319368362  7.18318986893  5.31058788056e-07
 740  7.18454504013  7.18454122543  5.30958914169e-07
 741  7.18589448929  7.18589067459  5.30859210812e-07
 742  7.1872420311  7.1872382164  5.30759677986e-07
 743  7.1885881424  7.1885843277  5.3066031569e-07
 744  7.18993234634  7.18992805481  5.96881250203e-07
 745  7.19127464294  7.19127035141  5.96769780259e-07
 746  7.1926150322  7.19261074066  5.96658651375e-07
 747  7.1939535141  7.1939496994  5.30264514964e-07
 748  7.19529056549  7.19528675079  5.30166005319e-07
 749  7.19662570953  7.19662189484  5.30067609361e-07
 750  7.19795894623  7.19795513153  5.29969440777e-07
 751  7.19929027557  7.19928693771  4.63637519488e-07
 752  7.20062017441  7.20061635971  5.29773558355e-07
 753  7.20194816589  7.2019443512  5.29675901362e-07
 754  7.20327425003  7.20327091217  4.63381041982e-07
 755  7.20459890366  7.20459508896  5.29480985278e-07
 756  7.20592164993  7.20591783524  5.29383839876e-07
 757  7.20724248886  7.207239151  4.63125928718e-07
 758  7.20856189728  7.20855855942  4.6304117518e-07
 759  7.20987939835  7.20987606049  4.6295653533e-07
 760  7.21119499207  7.21119165421  4.62872094431e-07
 761  7.21250915527  7.21250581741  4.62787767219e-07
 762  7.21382141113  7.21381807327  4.62703582116e-07
 763  7.21513223648  7.21512889862  4.62619482278e-07
 764  7.21644115448  7.21643733978  5.28612133621e-07
 765  7.21774816513  7.21774482727  4.62451822614e-07
 766  7.21905374527  7.21904993057  5.28420798673e-07
 767  7.22035741806  7.2203540802  4.62284702962e-07
 768  7.22165966034  7.22165584564  5.28230145846e-07
 769  7.22295999527  7.22295665741  4.62118123323e-07
 770  7.22425889969  7.22425508499  5.28040061454e-07
 771  7.22555589676  7.22555208206  5.27945303475e-07
 772  7.22685146332  7.22684764862  5.27850659182e-07
 773  7.22814512253  7.22814130783  5.2775618542e-07
 774  7.22943687439  7.22943305969  5.27661882188e-07
 775  7.23072719574  7.23072338104  5.27567749486e-07
 776  7.23201608658  7.23201227188  5.27473673628e-07
 777  7.23330307007  7.23329925537  5.27379825144e-07
 778  7.23458862305  7.23458433151  5.93196887166e-07
 779  7.23587226868  7.23586797714  5.93091669998e-07
 780  7.2371544838  7.23715019226  5.9298662336e-07
 781  7.23843479156  7.23843050003  5.92881690409e-07
 782  7.23971366882  7.23970937729  5.92776984831e-07
 783  7.24099063873  7.24098682404  5.26819917468e-07
 784  7.24226617813  7.2422618866  5.92568085267e-07
 785  7.24354028702  7.24353599548  5.92463834437e-07
 786  7.24481248856  7.24480819702  5.9235981098e-07
 787  7.24608325958  7.24607896805  5.92255901211e-07
 788  7.24735212326  7.24734783173  5.92152218815e-07
 789  7.24861955643  7.24861526489  5.92048706949e-07
 790  7.24988555908  7.24988126755  5.9194530877e-07
 791  7.25114965439  7.25114536285  5.91842137965e-07
 792  7.25241231918  7.25240850449  5.2599028777e-07
 793  7.25367355347  7.25366926193  5.91636137415e-07
 794  7.2549328804  7.2549290657  5.25807536178e-07
 795  7.25619077682  7.25618648529  5.91430932673e-07
 796  7.25744724274  7.2574429512  5.91328500832e-07
 797  7.2587018013  7.25869750977  5.91226353208e-07
 798  7.25995492935  7.25995063782  5.91124319271e-07
 799  7.26120662689  7.26120233536  5.91022342178e-07
 800  7.26245641708  7.26245260239  5.25262805695e-07
 801  7.26370477676  7.26370096207  5.25172538346e-07
 802  7.26495170593  7.2649474144  5.90717718296e-07
 803  7.26619720459  7.26619291306  5.90616423324e-07
 804  7.2674407959  7.26743650436  5.90515355725e-07
 805  7.2686829567  7.268679142  5.24812833191e-07
 806  7.26992368698  7.26991987228  5.24723304807e-07
 807  7.27116298676  7.27115869522  5.90213062424e-07
 808  7.27240037918  7.27239656448  5.24544589098e-07
 809  7.27363634109  7.2736325264  5.24455458617e-07
 810  7.2748708725  7.2748670578  5.24366441823e-07
 811  7.27610397339  7.27610015869  5.24277595559e-07
 812  7.27733564377  7.27733182907  5.24188862983e-07
 813  7.27856588364  7.27856206894  5.24100244093e-07
 814  7.27979421616  7.27979040146  5.24011852576e-07
 815  7.28102111816  7.28101730347  5.23923517903e-07
 816  7.28224658966  7.28224277496  5.23835353761e-07
 817  7.28347063065  7.28346681595  5.23747303305e-07
 818  7.28469324112  7.28468942642  5.23659423379e-07
 819  7.28591442108  7.28591060638  5.23571657141e-07
 820  7.28713417053  7.287129879  5.88919533584e-07
 821  7.28835201263  7.2883477211  5.88821137626e-07
 822  7.28956842422  7.28956460953  5.23309211076e-07
 823  7.2907834053  7.29077959061  5.23222013271e-07
 824  7.29199695587  7.29199314117  5.23134929153e-07
 825  7.29320907593  7.29320526123  5.23047958723e-07
 826  7.29441976547  7.29441595078  5.22961158822e-07
 827  7.29562902451  7.29562520981  5.22874472608e-07
 828  7.29683685303  7.29683303833  5.22787956925e-07
 829  7.29804325104  7.2980389595  5.88039199556e-07
 830  7.29924821854  7.299243927  5.8794216784e-07
 831  7.30045175552  7.30044746399  5.87845249811e-07
 832  7.301653862  7.30164957047  5.87748445469e-07
 833  7.30285453796  7.30284976959  6.5294648266e-07
 834  7.30405378342  7.30404901505  6.52839275972e-07
 835  7.30525159836  7.30524635315  7.18005424005e-07
 836  7.30644798279  7.30644273758  7.17887928658e-07
 837  7.30764293671  7.30763721466  7.83022414907e-07
 838  7.30883646011  7.30883073807  7.82894517215e-07
 839  7.31002855301  7.31002283096  7.82766846896e-07
 840  7.31121921539  7.31121349335  7.82639403951e-07
 841  7.31240844727  7.31240224838  8.47721423725e-07
 842  7.31359624863  7.31359004974  8.47583805808e-07
 843  7.31478261948  7.31477642059  8.47446358421e-07
 844  7.31596755981  7.31596136093  8.47309024721e-07
 845  7.31715106964  7.31714439392  9.12339146453e-07
 846  7.31833314896  7.31832647324  9.12191751468e-07
 847  7.31951379776  7.31950712204  9.120446407e-07
 848  7.32069301605  7.32068634033  9.11897700462e-07
 849  7.32187080383  7.32186412811  9.11751044441e-07
 850  7.3230471611  7.32304096222  8.46489967898e-07
 851  7.32422208786  7.32421588898  8.46354168971e-07
 852  7.32539558411  7.32538986206  7.81124811056e-07
 853  7.32656812668  7.3265619278  8.4608313955e-07
 854  7.32773923874  7.32773256302  9.11020833883e-07
 855  7.32890892029  7.32890224457  9.10875428417e-07
 856  7.33007717133  7.33007049561  9.10730307169e-07
 857  7.33124399185  7.33123731613  9.10585356451e-07
 858  7.33240938187  7.33240318298  8.45409147132e-07
 859  7.33357334137  7.33356666565  9.10296080292e-07
 860  7.3347363472  7.33472967148  9.10151754852e-07
 861  7.33589792252  7.3358912468  9.10007656785e-07
 862  7.33705806732  7.3370513916  9.09863786092e-07
 863  7.33821678162  7.3382101059  9.09720085929e-07
 864  7.3393740654  7.33936738968  9.09576669983e-07
 865  7.34052991867  7.34052371979  8.44473902362e-07
 866  7.34168481827  7.34167814255  9.09290349682e-07
 867  7.34283828735  7.34283161163  9.09147502171e-07
 868  7.34399032593  7.34398365021  9.09004882033e-07
 869  7.34514093399  7.34513473511  8.43943780637e-07
 870  7.34629058838  7.34628391266  9.08720267034e-07
 871  7.34743881226  7.34743213654  9.08578272174e-07
 872  7.34858560562  7.34857845306  9.73324745246e-07
 873  7.34973096848  7.34972381592  9.73173087004e-07
 874  7.35087490082  7.3508682251  9.08153538148e-07
 875  7.35201787949  7.35201120377  9.08012395939e-07
 876  7.35315942764  7.35315275192  9.07871424261e-07
 877  7.35429954529  7.35429286957  9.07730679955e-07
 878  7.35543870926  7.35543203354  9.07590106181e-07
 879  7.35657644272  7.35656929016  9.72267571342e-07
 880  7.35771274567  7.35770606995  9.07309583908e-07
 881  7.3588476181  7.35884094238  9.07169635411e-07
 882  7.35998153687  7.35997486115  9.07029914288e-07
 883  7.36111402512  7.3611073494  9.06890363694e-07
 884  7.36224508286  7.36223888397  8.41983080591e-07
 885  7.36337518692  7.3633685112  9.06611830942e-07
 886  7.36450386047  7.36449718475  9.06472905626e-07
 887  7.36563110352  7.3656244278  9.06334207684e-07
 888  7.36675739288  7.36675071716  9.06195623429e-07
 889  7.36788225174  7.36787557602  9.06057266548e-07
 890  7.36900568008  7.3689994812  8.41210635372e-07
 891  7.37012815475  7.37012195587  8.41082510306e-07
 892  7.37124919891  7.37124252319  9.05643389615e-07
 893  7.37236881256  7.37236213684  9.05505885385e-07
 894  7.37348747253  7.37348079681  9.05368494841e-07
 895  7.374604702  7.37459850311  8.40571942717e-07
 896  7.37572097778  7.37571430206  9.05094339032e-07
 897  7.37683582306  7.37682914734  9.04957516923e-07
 898  7.37794923782  7.37794303894  8.40190921281e-07
 899  7.37906169891  7.37905502319  9.04684554826e-07
 900  7.38017272949  7.38016605377  9.04548357994e-07
 901  7.3812828064  7.38127613068  9.04412331693e-07
 902  7.38239145279  7.38238477707  9.04276532765e-07
 903  7.38349866867  7.38349199295  9.04140904368e-07
 904  7.38460493088  7.38459825516  9.040054465e-07
 905  7.38570976257  7.38570356369  8.39308029299e-07
 906  7.38681364059  7.38680744171  8.39182632717e-07
 907  7.3879160881  7.38790988922  8.39057406665e-07
 908  7.38901758194  7.38901090622  9.03465604551e-07
 909  7.39011764526  7.39011144638  8.38807409309e-07
 910  7.39121675491  7.39121007919  9.03196792024e-07
 911  7.39231443405  7.39230775833  9.03062698399e-07
 912  7.39341115952  7.3934044838  9.0292871846e-07
 913  7.39450645447  7.39449977875  9.02794965896e-07
 914  7.39560031891  7.39559364319  9.02661440705e-07
 915  7.39669322968  7.39668655396  9.02528086044e-07
 916  7.39778470993  7.39777851105  8.37938102904e-07
 917  7.39887523651  7.39886903763  8.37814582155e-07
 918  7.39996433258  7.3999581337  8.3769128878e-07
 919  7.40105247498  7.40104627609  8.37568109091e-07
 920  7.4021396637  7.40213298798  9.01863984382e-07
 921  7.40322542191  7.40321874619  9.01731709746e-07
 922  7.40431022644  7.40430355072  9.01599605641e-07
 923  7.40539360046  7.40538692474  9.01467728909e-07
 924  7.40647602081  7.40646934509  9.01335965864e-07
 925  7.40755701065  7.40755033493  9.01204430193e-07
 926  7.40863704681  7.40863037109  9.01073065052e-07
 927  7.40971565247  7.40970897675  9.00941870441e-07
 928  7.41079330444  7.41078662872  9.00810903204e-07
 929  7.41186952591  7.41186285019  9.00680049654e-07
 930  7.4129447937  7.41293811798  9.00549423477e-07
 931  7.41401910782  7.4140124321  9.00418910987e-07
 932  7.41509199142  7.4150853157  9.00288682715e-07
 933  7.41616392136  7.41615724564  9.00158511286e-07
 934  7.41723442078  7.41722774506  9.00028624073e-07
 935  7.41830396652  7.4182972908  8.99898850548e-07
 936  7.41937255859  7.41936540604  9.64038576967e-07
 937  7.42043972015  7.4204325676  9.63899879025e-07
 938  7.42150592804  7.42149877548  9.63761408457e-07
 939  7.42257070541  7.42256402969  8.99381575437e-07
 940  7.42363452911  7.42362785339  8.99252654563e-07
 941  7.42469739914  7.42469024658  9.6334713362e-07
 942  7.42575883865  7.42575216293  8.98995438092e-07
 943  7.42681932449  7.42681217194  9.63071897786e-07
 944  7.42787885666  7.4278717041  9.62934450399e-07
 945  7.42893695831  7.42892980576  9.62797344073e-07
 946  7.42999410629  7.42998695374  9.62660351433e-07
 947  7.4310503006  7.43104314804  9.62523586168e-07
 948  7.43210506439  7.43209791183  9.62386934589e-07
 949  7.43315887451  7.43315172195  9.62250510383e-07
 950  7.43421173096  7.43420410156  1.02625517684e-06
 951  7.43526315689  7.4352555275  1.02611011243e-06
 952  7.43631362915  7.43630599976  1.02596516172e-06
 953  7.43736314774  7.43735551834  1.02582032468e-06
 954  7.43841123581  7.43840360641  1.02567582871e-06
 955  7.43945837021  7.43945074081  1.02553144643e-06
 956  7.44050455093  7.44049692154  1.02538729152e-06
 957  7.44154930115  7.44154167175  1.0252432503e-06
 958  7.44259309769  7.44258546829  1.02509955013e-06
 959  7.44363594055  7.44362831116  1.02495584997e-06
 960  7.44467782974  7.44466972351  1.08886331418e-06
 961  7.44571828842  7.44571065903  1.02466924545e-06
 962  7.44675779343  7.44675016403  1.02452622741e-06
 963  7.44779634476  7.44778871536  1.02438332306e-06
 964  7.44883346558  7.44882583618  1.02424075976e-06
 965  7.44986963272  7.44986248016  9.60092052082e-07
 966  7.45090484619  7.45089769363  9.59958697422e-07
 967  7.45193910599  7.45193147659  1.02381386569e-06
 968  7.45297193527  7.45296478271  9.59692442848e-07
 969  7.45400381088  7.45399665833  9.59559542935e-07
 970  7.45503473282  7.45502758026  9.59426870395e-07
 971  7.45606470108  7.45605754852  9.59294311542e-07
 972  7.45709371567  7.45708656311  9.59161980063e-07
 973  7.45812129974  7.45811414719  9.59029875958e-07
 974  7.45914793015  7.45914077759  9.58897771852e-07
 975  7.46017360687  7.46016645432  9.58766008807e-07
 976  7.46119832993  7.46119117737  9.58634245762e-07
 977  7.4622220993  7.46221494675  9.58502823778e-07
 978  7.46324443817  7.46323728561  9.5837151548e-07
 979  7.46426582336  7.46425867081  9.58240434557e-07
 980  7.46528625488  7.46527910233  9.58109467319e-07
 981  7.46630573273  7.46629858017  9.57978613769e-07
 982  7.4673242569  7.46731710434  9.57847873906e-07
 983  7.46834135056  7.468334198  9.57717361416e-07
 984  7.46935749054  7.46935033798  9.57587189987e-07
 985  7.47037267685  7.47036600113  8.93626520337e-07
 986  7.47138690948  7.47137975693  9.57327074502e-07
 987  7.47240018845  7.47239303589  9.57197244134e-07
 988  7.47341251373  7.47340536118  9.57067641139e-07
 989  7.47442340851  7.47441625595  9.5693815183e-07
 990  7.47543334961  7.47542667389  8.93021592674e-07
 991  7.47644233704  7.47643566132  8.92901027783e-07
 992  7.47745037079  7.47744369507  8.92780690265e-07
 993  7.47845745087  7.47845077515  8.92660466434e-07
 994  7.47946357727  7.47945690155  8.9254035629e-07
 995  7.48046875  7.48046159744  9.5616485396e-07
 996  7.48147296906  7.4814658165  9.5603650152e-07
 997  7.4824757576  7.48246908188  8.92181049039e-07
 998  7.48347759247  7.48347091675  8.92061621016e-07
 999  7.48447847366  7.48447179794  8.9194230668e-07
1000  7.48547840118  7.48547172546  8.91823162874e-07
